,r2,mse,rho,train size
0,-0.0031415598989992244,6.911668221179494,"(0.059753493034119434, 2.3522206541674104e-22)",2
1,-0.0008196031095000222,6.895669885954953,"(0.08494496121408139, 1.5024142800281741e-43)",3
2,-0.0029723264958214646,6.910502199172765,"(0.03828353245286411, 4.735574424895999e-10)",4
3,0.0009710386147667727,6.883332323644824,"(0.08330116484584568, 6.088845285363073e-42)",5
4,-0.0010823272467797018,6.897480061251404,"(0.07321371040428379, 9.156596890788068e-33)",6
5,0.009980661091596121,6.821255819343481,"(0.10377564193409325, 3.1603456645296364e-64)",8
6,0.0005253591207065034,6.886403065521212,"(0.07090261939950583, 7.905435738007742e-31)",10
7,0.02829759366638407,6.695051736243389,"(0.18099203643679118, 1.53066241685154e-193)",13
8,0.021451048576571763,6.742224588026035,"(0.15874408140819019, 8.667015382143237e-149)",16
9,0.028095524861327603,6.696443994917769,"(0.17632872632698815, 1.201272607698966e-183)",20
10,0.027147105186110965,6.702978628105727,"(0.17748597282893228, 4.4645012800960695e-186)",26
11,0.03367295349569288,6.658015384451345,"(0.19324946484643546, 7.2375837910782275e-221)",33
12,0.03845734012109536,6.625050851509495,"(0.2218582198822271, 3.3353798524608177e-292)",42
13,0.04284062238252506,6.594849936781334,"(0.22067405605363125, 4.890629164868733e-289)",53
14,0.06191847102068282,6.463403124654336,"(0.25289797219471716, 0.0)",67
15,0.10089300519469646,6.19486769550421,"(0.3246904976035139, 0.0)",85
16,0.13937344615176628,5.929736579885064,"(0.37955669254182756, 0.0)",108
17,0.22035234196570763,5.371790141259016,"(0.4706930515483392, 0.0)",136
18,0.21362533946294582,5.418139341891094,"(0.47298694328879465, 0.0)",173
19,0.26375785875452273,5.072725140858344,"(0.5396915104650921, 0.0)",219
20,0.2519042401950943,5.1543968430171425,"(0.5187844772247437, 0.0)",277
21,0.34144921840968023,4.537429901328198,"(0.6005661747551164, 0.0)",350
22,0.4137766730515561,4.039092089646477,"(0.6469522975012132, 0.0)",443
23,0.42543721544508195,3.9587506866732385,"(0.6574731939045131, 0.0)",560
24,0.5453828297541423,3.1323226691028627,"(0.7404357816081008, 0.0)",708
25,0.5860852799515928,2.8518818591515886,"(0.7708187211833724, 0.0)",896
26,0.6162443874707233,2.6440849206615735,"(0.7855707661408609, 0.0)",1133
27,0.6358803826963173,2.5087924658203695,"(0.8005975830689956, 0.0)",1433
28,0.6550878893817006,2.3764523067915455,"(0.8158164364266778, 0.0)",1813
29,0.6799730872015814,2.204992726384216,"(0.8288154881196051, 0.0)",2293
30,0.6877685869212181,2.1512815555641667,"(0.831008271173518, 0.0)",2900
31,0.705514759356292,2.029010022841087,"(0.8402673621205257, 0.0)",3668
32,0.7056249796515517,2.028250602493522,"(0.844124806554509, 0.0)",4638
33,0.7171862684306842,1.9485930591866187,"(0.8476697517695595, 0.0)",5866
34,0.7204358266276494,1.9262035291136155,"(0.8501165728766316, 0.0)",7419
35,0.7179464647434686,1.9433552892576578,"(0.8517327758522141, 0.0)",9383
36,0.7237216734914486,1.9035639692986783,"(0.8521148880923979, 0.0)",11867
37,0.7250984077146726,1.8940782391085886,"(0.8528460534302358, 0.0)",15008
38,0.7229051004876919,1.909190175913931,"(0.8541578199768943, 0.0)",18980
39,0.7284559101979816,1.870944970441348,"(0.855621070096795, 0.0)",24004
40,0.724347324073907,1.899253222519554,"(0.8538863957111806, 0.0)",30358
41,0.7302293517807368,1.85872591749843,"(0.8562375070811067, 0.0)",38393
42,0.7289335375511992,1.8676541070868962,"(0.8560251160574298, 0.0)",48555
43,0.7300890289868682,1.8596927447478027,"(0.8565803576400699, 0.0)",61407
44,0.7303884616166523,1.8576296471009752,"(0.8570158832350069, 0.0)",77660
45,0.731960883317051,1.846795625731117,"(0.8568051500595133, 0.0)",98216
46,0.7292355074362991,1.8655735276930883,"(0.8570489630604863, 0.0)",124212
47,0.7283405037218538,1.8717401236933489,"(0.8564980760532279, 0.0)",157089
48,0.7287458751325249,1.8689471054306104,"(0.8563055828458352, 0.0)",198668
49,0.7297433820068471,1.8620742603215361,"(0.8569167953663607, 0.0)",210956
