,r2,mse,rho,train size
0,-0.002197422295321161,6.9806421657088995,"(0.05107577973086345, 6.992601987588882e-17)",2
1,-0.006703197143798745,7.012026403182226,"(0.03820276192917228, 4.3322141710893727e-10)",3
2,-0.013738665798335603,7.061030808953799,"(0.05012101830014074, 2.5922707389689577e-16)",4
3,-0.021601997332292067,7.115801558157253,"(0.02048393582302542, 0.0008204783680506283)",5
4,-0.013571692374889643,7.059867782892935,"(0.02574262818050083, 2.6109493483240915e-05)",6
5,0.005628566759239173,6.926131519435712,"(0.12087277006197815, 2.2701027980486645e-87)",8
6,0.0024024742017255685,6.9486023392926235,"(0.10312418814709216, 5.579442915422162e-64)",10
7,-0.005565123782863335,7.004099339397907,"(0.13151393441013512, 3.246151503192127e-103)",13
8,-0.02299362825791529,7.1254947356713805,"(0.10711801300408219, 6.490928024028698e-69)",16
9,0.015952439938680896,6.8542222699938335,"(0.1497293339909392, 1.516642391122499e-133)",20
10,0.05144499200323638,6.607004705870578,"(0.23590241021773822, 0.0)",26
11,0.032221207311761035,6.740904832748253,"(0.208844671951625, 1.1511586221132936e-260)",33
12,0.04480152467808152,6.653278690521498,"(0.24928406177487158, 0.0)",42
13,0.07040107613699131,6.474969203426607,"(0.26815286776801944, 0.0)",53
14,0.04887942912216592,6.624874714341924,"(0.24325665728698503, 0.0)",67
15,0.06855307767588348,6.487841134338413,"(0.332198696267163, 0.0)",85
16,0.14009879302430783,5.989501160370841,"(0.3838521906310206, 0.0)",108
17,0.12405050122948902,6.101282911050201,"(0.3808004081088482, 0.0)",136
18,0.239610258895242,5.296370326887766,"(0.5174639284772685, 0.0)",173
19,0.19437037239165667,5.611481354189684,"(0.45679086160619137, 0.0)",219
20,0.2822344071978631,4.9994787960382405,"(0.535422627146511, 0.0)",277
21,0.4164694787930262,4.064486368350649,"(0.6565851285401128, 0.0)",350
22,0.41329374848684053,4.086606398186195,"(0.6657045442725649, 0.0)",443
23,0.45352998151804147,3.806347500449653,"(0.6873370994040948, 0.0)",560
24,0.5388259125240833,3.2122326491257605,"(0.7420854618984019, 0.0)",708
25,0.5946461260066986,2.8234260854018385,"(0.7728131267926456, 0.0)",896
26,0.6054906378604339,2.747890412460936,"(0.7829139567098107, 0.0)",1133
27,0.6411704405793026,2.4993685845429665,"(0.8013044860222356, 0.0)",1433
28,0.6486969163019793,2.446944149376719,"(0.8099417191979702, 0.0)",1813
29,0.6761406034067481,2.2557896371776063,"(0.8276505677653658, 0.0)",2293
30,0.6751364343125041,2.262784012701669,"(0.8310173304245669, 0.0)",2900
31,0.6944203599250435,2.128464984078566,"(0.8351037849928487, 0.0)",3668
32,0.702206473854892,2.074232081462201,"(0.8413895784096886, 0.0)",4638
33,0.707483518501208,2.0374756904069993,"(0.8457466483015565, 0.0)",5866
34,0.7152958988873028,1.9830598330873614,"(0.848177084804876, 0.0)",7419
35,0.7105493861921899,2.016120890641962,"(0.8509047015153233, 0.0)",9383
36,0.7227934013936738,1.9308372061187018,"(0.8527729136470964, 0.0)",11867
37,0.7224216003254806,1.9334269256252041,"(0.8549519796510868, 0.0)",15008
38,0.7166750773606715,1.9734533910919456,"(0.8555244003301844, 0.0)",18980
39,0.7270436153430251,1.9012330362734284,"(0.8567531209253294, 0.0)",24004
40,0.7286659936104783,1.889932625904605,"(0.8570483894955524, 0.0)",30358
41,0.7259389887015154,1.9089271324061319,"(0.8570512631040601, 0.0)",38393
42,0.7243728518960334,1.919835802073808,"(0.8576078140252961, 0.0)",48555
43,0.724311729356412,1.9202615411226869,"(0.8571729285317585, 0.0)",61407
44,0.731199824345093,1.8722836425073917,"(0.8584269082263085, 0.0)",77660
45,0.7294009299745434,1.8848135469108118,"(0.8583449338126724, 0.0)",98216
46,0.7320493940726869,1.8663661035762211,"(0.8586270119418558, 0.0)",124212
47,0.7280662321356295,1.8941101663248434,"(0.8581934956608239, 0.0)",157089
48,0.7237116942936959,1.9244409871744503,"(0.8584504936040344, 0.0)",198668
49,0.728630273612885,1.8901814277033444,"(0.8584341317736625, 0.0)",210956
