,r2,mse,rho,train size
0,-0.58511043671688,10.575819096384306,"(0.0014745984157313128, 0.8094441396632912)",2
1,-0.01607188279715266,6.779207411972023,"(0.008858077473156103, 0.1474488409024115)",3
2,-0.004784287841156143,6.703896847154134,"(0.0029557265304759944, 0.6288437058195521)",4
3,-0.004161984645679073,6.699744855049345,"(0.011358763879737032, 0.0632295582386805)",5
4,-0.13276795294012356,7.55780081373351,"(0.008679567980712965, 0.1557800611443456)",6
5,-0.00811204897371498,6.726099590205157,"(0.07327927487966178, 3.570497217601321e-33)",8
6,-0.006855531585477248,6.717716136105273,"(0.0028580038041616375, 0.6402322112175058)",10
7,0.0015803584380650326,6.661432078704981,"(0.16949171804462126, 1.5502377836723454e-171)",13
8,-6.671856485440664e-05,6.6724213372558046,"(0.032901746437461535, 7.369398275792417e-08)",16
9,0.019308104287209416,6.543152980451389,"(0.20118584962240893, 2.789824117467045e-242)",20
10,0.036505071267818434,6.42841522617219,"(0.19201092250359708, 1.8123909045326177e-220)",26
11,0.03660202485799913,6.427768354126719,"(0.23043471893508416, 2.98544e-319)",33
12,0.049625724703494134,6.340874538818276,"(0.26053449370661247, 0.0)",42
13,0.058424857408338915,6.282166934896203,"(0.24636680580024387, 0.0)",53
14,0.11146158477707802,5.928307152559647,"(0.34450673084296357, 0.0)",67
15,0.11122408851450605,5.929891721969354,"(0.34116807908377367, 0.0)",85
16,0.13984947408296688,5.738903830953174,"(0.37752888628647974, 0.0)",108
17,0.14973786917617815,5.672928694308449,"(0.40185637300007593, 0.0)",136
18,0.19921528971519797,5.342816522401865,"(0.4595943432906225, 0.0)",173
19,0.2187628327209209,5.2123957808442585,"(0.4728738166704784, 0.0)",219
20,0.26454029077093444,4.9069696705777615,"(0.5166415595189985, 0.0)",277
21,0.2732633361928949,4.848769719195652,"(0.5309837399572469, 0.0)",350
22,0.4106618694437949,3.932049976450305,"(0.6486698591026866, 0.0)",443
23,0.4298727358547808,3.803875533117382,"(0.6716571076377736, 0.0)",560
24,0.5159153135168102,3.22980150340815,"(0.7188590670513414, 0.0)",708
25,0.549619513494138,3.004927883569481,"(0.747694040714688, 0.0)",896
26,0.5976832355108298,2.684247874547354,"(0.774575763193273, 0.0)",1133
27,0.6367217393383517,2.423783906416204,"(0.798711179133194, 0.0)",1433
28,0.648497697410825,2.3452149945118492,"(0.8100674094658797, 0.0)",1813
29,0.6723636373414026,2.185982011481502,"(0.8199930858666137, 0.0)",2293
30,0.6846910327266906,2.103733922954346,"(0.8280333930566817, 0.0)",2900
31,0.6939848910411346,2.041725521543169,"(0.8348454654095709, 0.0)",3668
32,0.6978261734581229,2.016096576708049,"(0.838978959215534, 0.0)",4638
33,0.7050410307114856,1.9679592208807541,"(0.8413658731427252, 0.0)",5866
34,0.7097611755409144,1.9364665269532773,"(0.8443239496006765, 0.0)",7419
35,0.7153087418406963,1.8994532966743767,"(0.8459343238328909, 0.0)",9383
36,0.7153425646318012,1.8992276318173573,"(0.8468201361766822, 0.0)",11867
37,0.7155514460768562,1.8978339797888795,"(0.8469055643590271, 0.0)",15008
38,0.7240785432710102,1.8409413903176723,"(0.8509439404202066, 0.0)",18980
39,0.7224331355184319,1.851919511669961,"(0.8502692724273664, 0.0)",24004
40,0.7236518648355066,1.84378817868124,"(0.8510703228738435, 0.0)",30358
41,0.7214167234471041,1.8587009888117103,"(0.8513512762096246, 0.0)",38393
42,0.7246195377635232,1.8373318879433098,"(0.8514536731667257, 0.0)",48555
43,0.7252181709101428,1.8333378218409737,"(0.8520391415844717, 0.0)",61407
44,0.7258916994751892,1.8288440552899632,"(0.8524092504897123, 0.0)",77660
45,0.7240881485428428,1.8408773041726825,"(0.8521556605409679, 0.0)",98216
46,0.7262693712938844,1.8263242379070197,"(0.8526895566573269, 0.0)",124212
47,0.724287705123746,1.8395458674158236,"(0.8525568425516254, 0.0)",157089
48,0.7266699970819994,1.8236512721865834,"(0.8527418834387105, 0.0)",198668
49,0.7228516188038578,1.8491274011526067,"(0.8527539651030145, 0.0)",210956
