,r2,mse,rho,train size
0,0.003377836100384668,6.798303153233247,"(0.07169682635447111, 7.64448797578011e-32)",2
1,0.006237878323600454,6.7787938198381426,"(0.08528379616209897, 2.1777209471516886e-44)",3
2,0.0007193789320717459,6.816437405515336,"(0.04112909321165473, 1.687844611617468e-11)",4
3,0.024444057650339968,6.654603197946886,"(0.15795422663757752, 4.753599565427003e-149)",5
4,0.01232297413535588,6.7372852847651155,"(0.12406179762653313, 2.9148341773977348e-92)",6
5,0.001082995204415571,6.813957053642397,"(0.05892205567190859, 5.068070554554431e-22)",8
6,0.015556928217627775,6.715225369752895,"(0.12587995548575512, 5.9686766005871483e-95)",10
7,0.006057510092436491,6.780024173686452,"(0.10294622746463898, 5.816839677774579e-64)",13
8,0.030532773000381375,6.613069972756144,"(0.2053248825718632, 1.2443566569045256e-252)",16
9,0.031651590504828686,6.6054381330842125,"(0.18991045399944328, 9.336287582061953e-216)",20
10,0.006327493794540673,6.778182521835008,"(0.15136321499701785, 6.794501613783474e-137)",26
11,0.05881615218725034,6.420139298650096,"(0.24283542232312952, 0.0)",33
12,0.03644410877417481,6.572746714768829,"(0.216212041670511, 1.4618447711452222e-280)",42
13,0.08237446160967854,6.259439953368958,"(0.2885429048379174, 0.0)",53
14,0.08363404755489001,6.250847883662628,"(0.29782677715809125, 0.0)",67
15,0.1100313917333332,6.070782504158014,"(0.3317609146510042, 0.0)",85
16,0.13040641382399443,5.931797458527329,"(0.3623043283728843, 0.0)",108
17,0.17873077290126127,5.602160355728511,"(0.4245443927578715, 0.0)",136
18,0.21664604289584644,5.343527235879652,"(0.47169503709078087, 0.0)",173
19,0.22941818635442257,5.256404044871899,"(0.48245130003328085, 0.0)",219
20,0.28488317072484903,4.878058276738368,"(0.5368490126910087, 0.0)",277
21,0.31958790434274154,4.6413253316637055,"(0.5893342687656145, 0.0)",350
22,0.37948439070216244,4.232750761646559,"(0.6253351666916711, 0.0)",443
23,0.41128060345110073,4.0158578395122735,"(0.6568294271643416, 0.0)",560
24,0.47216973358744463,3.6005121042901633,"(0.6911757769499646, 0.0)",708
25,0.5316496535749062,3.1947790770187057,"(0.7327655637673269, 0.0)",896
26,0.5527304943842593,3.050979398727116,"(0.7469695340539149, 0.0)",1133
27,0.5755747403426685,2.895150926355381,"(0.7622643564017048, 0.0)",1433
28,0.624986815071604,2.558094140338174,"(0.7919660406289359, 0.0)",1813
29,0.6551185449155698,2.352555229574759,"(0.8109729113882191, 0.0)",2293
30,0.658362805302457,2.3304250117078538,"(0.8124929672176702, 0.0)",2900
31,0.6800527822341329,2.182470206055928,"(0.8253503403534649, 0.0)",3668
32,0.6673278705092003,2.269271213135416,"(0.8208851222043069, 0.0)",4638
33,0.6794100292742768,2.186854645447324,"(0.8268090287036517, 0.0)",5866
34,0.6944960323328543,2.08394782089757,"(0.8349173578092873, 0.0)",7419
35,0.6975775714119112,2.062927581134897,"(0.8354864967488268, 0.0)",9383
36,0.6976693920014421,2.0623012412581105,"(0.8356087473887789, 0.0)",11867
37,0.7029590550270315,2.026218627275598,"(0.8395973966174797, 0.0)",15008
38,0.7012826366336429,2.0376540547251727,"(0.8375103599268533, 0.0)",18980
39,0.7069094425416971,1.9992716729831497,"(0.8409209271405635, 0.0)",24004
40,0.702349420446143,2.0303771547935474,"(0.8396288645468388, 0.0)",30358
41,0.7074763253431138,1.9954047700825501,"(0.8417826473722316, 0.0)",38393
42,0.7084722734145014,1.9886110651465918,"(0.842368120131221, 0.0)",48555
43,0.7098770887156829,1.9790283359662937,"(0.8426180082433324, 0.0)",61407
44,0.7088263082303039,1.9861960716898868,"(0.8422956220750968, 0.0)",77660
45,0.7095576489963332,1.981207344350801,"(0.8425108844583423, 0.0)",98216
46,0.7107419014692662,1.9731291502140558,"(0.8431012241343662, 0.0)",124212
47,0.7097503276699186,1.9798930167333302,"(0.8432494725840949, 0.0)",157089
48,0.7115248838575148,1.9677881575773593,"(0.8436727192476194, 0.0)",198668
49,0.7111708883585467,1.9702028828403897,"(0.8436935101072259, 0.0)",210956
