,r2,mse,rho,train size
0,-0.006655521944778142,6.911962978002781,"(-0.08151596763608998, 1.827868551227244e-40)",2
1,-0.008836119621860483,6.926935538213639,"(-0.027223310333425156, 8.953380883231781e-06)",3
2,-0.01920385949237624,6.998123181442502,"(-0.033335343120857265, 5.3701826718166775e-08)",4
3,-0.007739281114633956,6.9194043550138975,"(-0.0005797703738160327, 0.9246626246967459)",5
4,-0.01256191471989454,6.952517832474028,"(-0.011062829359684084, 0.07116347501251909)",6
5,-0.022229489765799304,7.018897958890324,"(-0.04679287190355268, 2.2367845335120154e-14)",8
6,-0.010709341632229474,6.939797575825311,"(-0.04828752079530218, 3.262741234264185e-15)",10
7,-0.012398096835644967,6.951393015566571,"(-0.02589439657433995, 2.3983898290370962e-05)",13
8,0.006524411323249213,6.821466071349792,"(0.10462923316335174, 1.2016527557593355e-65)",16
9,-0.016016791541974218,6.9762399302196805,"(0.02656079342666775, 1.4715647488408949e-05)",20
10,0.0031527209693291702,6.844616988810177,"(0.09803073140641233, 8.186338535879532e-58)",26
11,0.02793020767203347,6.674488213828457,"(0.17067799167086534, 4.721333236545976e-173)",33
12,0.03424517913972169,6.631127950023935,"(0.18657358647619476, 5.5883918936218834e-207)",42
13,0.04421377216566846,6.5626809545661375,"(0.2136181092651198, 3.5148496764040156e-272)",53
14,0.07495526518116147,6.35160173533023,"(0.2767426999695327, 0.0)",67
15,0.09371629928395397,6.2227835146771255,"(0.30977527031231317, 0.0)",85
16,0.11477399089219797,6.078195836344827,"(0.3393494971924978, 0.0)",108
17,0.16128055032518152,5.758869502730674,"(0.4088562325422625, 0.0)",136
18,0.21486308387558684,5.390957659906341,"(0.4821129348880388, 0.0)",173
19,0.22843065112042316,5.297799155876384,"(0.4813081303335081, 0.0)",219
20,0.31162309287903234,4.7265778542991965,"(0.5743442985461655, 0.0)",277
21,0.35402018779576927,4.435468190614829,"(0.6116795495473778, 0.0)",350
22,0.40616119575364396,4.07745424365478,"(0.6480661049649418, 0.0)",443
23,0.4646643432608243,3.675756164370367,"(0.6958298204549545, 0.0)",560
24,0.5251984968700367,3.260112660182087,"(0.7351127850116461, 0.0)",708
25,0.5746591553053657,2.9205027017405247,"(0.7587003385557318, 0.0)",896
26,0.606189193361279,2.704009123762172,"(0.780452374231416, 0.0)",1133
27,0.6327086827279853,2.521919297895933,"(0.8017538885600782, 0.0)",1433
28,0.6612116921397709,2.3262100989483963,"(0.8136572888979422, 0.0)",1813
29,0.6745405746706057,2.2346904672741044,"(0.8221913276455418, 0.0)",2293
30,0.6792367409184515,2.202445348128533,"(0.8243014889685147, 0.0)",2900
31,0.6734829974558489,2.2419520720588837,"(0.8210348908473852, 0.0)",3668
32,0.6917966093465768,2.1162059706142946,"(0.8321167365619037, 0.0)",4638
33,0.6944384891853195,2.098066125116361,"(0.8359365161585657, 0.0)",5866
34,0.6980929212109276,2.0729738285799724,"(0.8374099393028526, 0.0)",7419
35,0.6992578763491957,2.06497493858115,"(0.8390671688901228, 0.0)",9383
36,0.7087273953044914,1.9999547176499128,"(0.8418874867377776, 0.0)",11867
37,0.7072443214885009,2.0101378946020114,"(0.8433616461693283, 0.0)",15008
38,0.7087760592178212,1.9996205783540293,"(0.84349474761927, 0.0)",18980
39,0.7129366159966419,1.9710530954403802,"(0.8444931695967342, 0.0)",24004
40,0.711133746804417,1.9834320720010667,"(0.8444120644658556, 0.0)",30358
41,0.7137773475333822,1.965280410415853,"(0.8454203445387574, 0.0)",38393
42,0.7150050895776339,1.9568504089194023,"(0.8457140048979095, 0.0)",48555
43,0.7154253892906057,1.9539645199609683,"(0.8458881669091887, 0.0)",61407
44,0.7156013962555668,1.9527560096024983,"(0.8461315957209099, 0.0)",77660
45,0.7151035693354604,1.956174220863666,"(0.8466137857897905, 0.0)",98216
46,0.7146715201049443,1.9591407851161846,"(0.8456533364875034, 0.0)",124212
47,0.7147726396764109,1.958446471402017,"(0.8462410029218609, 0.0)",157089
48,0.7156490642716076,1.9524287084007206,"(0.8464776874185317, 0.0)",198668
49,0.7156656548951622,1.952314792792758,"(0.8465085795811736, 0.0)",210956
