,r2,mse,rho,train size
0,-0.0014185946057119203,6.834096360681677,"(0.02113893353635584, 0.0006565028060556049)",2
1,0.001583338633465825,6.813609921608761,"(0.04512762334515144, 3.426727263250607e-13)",3
2,0.002566376380778279,6.806901263783244,"(0.10677814811592384, 9.792251750603282e-67)",4
3,-0.00017861635312654833,6.825634234145415,"(0.0847718997876389, 1.2231193967884738e-42)",5
4,0.01499572512378844,6.722078226276442,"(0.12743119077877094, 1.7818602895515502e-94)",6
5,0.008841880080016407,6.7640746204360696,"(0.10880088655199054, 3.122551391659061e-69)",8
6,0.0015099588107605477,6.814110695992221,"(0.039963587481090725, 1.1705761686412258e-10)",10
7,0.025776841846255838,6.648503408558874,"(0.16264434995623991, 1.900779432316758e-153)",13
8,0.033233311793098186,6.597617361104052,"(0.194913189801186, 9.10668312905385e-221)",16
9,0.06011686087964352,6.414152857884092,"(0.25226676738430853, 0.0)",20
10,0.0578635911099632,6.429530106534712,"(0.2426117763376071, 0.0)",26
11,0.06219479699624808,6.3999721588949665,"(0.25564370664427255, 0.0)",33
12,0.087621556184169,6.226449394921808,"(0.2995121283465603, 0.0)",42
13,0.05834569434032111,6.426240033881968,"(0.2578015024799419, 0.0)",53
14,0.09975449069440878,6.143649211234919,"(0.3208686094520171, 0.0)",67
15,0.10873891775578992,6.082335749897435,"(0.332358862414208, 0.0)",85
16,0.11863749837767057,6.014783725031607,"(0.35569286501155467, 0.0)",108
17,0.15931047082001093,5.73721447033273,"(0.4010952225539615, 0.0)",136
18,0.19341812290849292,5.504449688187788,"(0.4494767493808538, 0.0)",173
19,0.23533550757470967,5.218388047691212,"(0.49981655321780893, 0.0)",219
20,0.27444249538396503,4.9515057224537,"(0.5262274562762186, 0.0)",277
21,0.37532581683838884,4.263036041823679,"(0.6321164731921174, 0.0)",350
22,0.432728208912047,3.8712982801342557,"(0.6686735787907672, 0.0)",443
23,0.45719132269231066,3.7043518326075184,"(0.690109178137242, 0.0)",560
24,0.47966781495128297,3.550962915350183,"(0.7073113927973509, 0.0)",708
25,0.5357093812807242,3.1685119936656987,"(0.7437402660065165, 0.0)",896
26,0.573642462843549,2.9096408921559327,"(0.7609138488779602, 0.0)",1133
27,0.63407748144224,2.4972072276645516,"(0.7981954301349151, 0.0)",1433
28,0.6627492983040453,2.3015388425108436,"(0.8151720731477948, 0.0)",1813
29,0.6728991743649378,2.2322718732107307,"(0.8215627152195185, 0.0)",2293
30,0.6802237639389198,2.1822858321878496,"(0.8253330556917926, 0.0)",2900
31,0.6776533012717723,2.1998277368952786,"(0.8267163509224749, 0.0)",3668
32,0.6960400854793718,2.0743486857625504,"(0.8345447362185694, 0.0)",4638
33,0.7013324013795366,2.0382317242564243,"(0.8375337257958041, 0.0)",5866
34,0.707945324404327,1.9931023913075165,"(0.8432765573560922, 0.0)",7419
35,0.7015876012498394,2.0364901343615713,"(0.839548638879301, 0.0)",9383
36,0.7065480740476144,2.0026378079946117,"(0.8407246407132616, 0.0)",11867
37,0.712605558253473,1.9612990202098242,"(0.8449207526780076, 0.0)",15008
38,0.715297909429953,1.9429252976966094,"(0.8462571084820095, 0.0)",18980
39,0.7161897176774561,1.9368392278637576,"(0.8465455322497502, 0.0)",24004
40,0.711134343963387,1.9713391974941483,"(0.8436403332775514, 0.0)",30358
41,0.7144283873230584,1.9488592776509173,"(0.8452895357697668, 0.0)",38393
42,0.714361324456463,1.9493169425025632,"(0.8454406133668637, 0.0)",48555
43,0.7140235939920179,1.951621755445311,"(0.8452512444875167, 0.0)",61407
44,0.7148340478370597,1.946090881839872,"(0.8455295881877631, 0.0)",77660
45,0.7148844967503099,1.9457465975053294,"(0.8457734496385748, 0.0)",98216
46,0.7153636616264618,1.942476577401932,"(0.8460349971536897, 0.0)",124212
47,0.7160735356373901,1.9376321023534755,"(0.8462442792770366, 0.0)",157089
48,0.7203230684795866,1.9086315254839323,"(0.848763246720138, 0.0)",198668
49,0.7160300789671517,1.9379286687179538,"(0.8466300622050472, 0.0)",210956
