,r2,mse,rho,train size
0,-0.253708976266817,8.250542603589556,"(-0.04612216951918063, 8.670043152268793e-14)",2
1,-0.012647589493613554,6.664139954088692,"(-0.03788424296694262, 8.995854910281598e-10)",3
2,-0.005350397422409614,6.61611780922911,"(-0.027327934797005144, 9.941057917523591e-06)",4
3,0.00899269078380771,6.521727274780824,"(0.11458175316420684, 4.3584980336704625e-77)",5
4,-0.004945562003366044,6.613453624848613,"(-0.0035164206308127837, 0.56973650167575)",6
5,0.006196206555136974,6.540130678366254,"(0.11488049185107661, 1.7540492984819495e-77)",8
6,0.019550410666379414,6.452247898516564,"(0.1420223988690642, 8.195265362821995e-118)",10
7,0.039211000203192015,6.32286338053363,"(0.2022249649810344, 2.822824373019913e-239)",13
8,0.03298880525671455,6.363811068925092,"(0.18957574480082304, 5.307915540556674e-210)",16
9,0.0222449531674499,6.434515363994506,"(0.167758151478556, 3.0325335054565547e-164)",20
10,0.03376726896800819,6.358688071373857,"(0.19270935737822822, 4.595820185518224e-217)",26
11,0.05639493937555673,6.209777469111621,"(0.2513957327445745, 0.0)",33
12,0.05340439372553907,6.2294579729291195,"(0.2369943975545042, 0.0)",42
13,0.06301563371412766,6.166207293145921,"(0.2545419623608452, 0.0)",53
14,0.08976425225005324,5.990177113099693,"(0.3084302823631552, 0.0)",67
15,0.11684103313060124,5.811987327071172,"(0.35495430584458154, 0.0)",85
16,0.12935815691826935,5.729613295266696,"(0.3633675676421391, 0.0)",108
17,0.19615749387289083,5.290013048424125,"(0.45053145501622893, 0.0)",136
18,0.2437559722074838,4.9767718730000015,"(0.5047437103902989, 0.0)",173
19,0.24789688686122002,4.949520897362727,"(0.523838368935566, 0.0)",219
20,0.29202506328720845,4.659117457239435,"(0.5576001218665793, 0.0)",277
21,0.3067109362449211,4.562471088104143,"(0.5781146447342589, 0.0)",350
22,0.3969846082849591,3.968388417206608,"(0.6383466424630422, 0.0)",443
23,0.4361934771312467,3.710358484440135,"(0.6734471322984347, 0.0)",560
24,0.47336970225212893,3.465705191684896,"(0.6951497520640799, 0.0)",708
25,0.5581728433007324,2.9076235783401967,"(0.7576185774672971, 0.0)",896
26,0.6098065399170706,2.5678270053089984,"(0.7860272426101708, 0.0)",1133
27,0.6250729831014499,2.4673599573079046,"(0.7938213105757713, 0.0)",1433
28,0.6410774006568988,2.3620363683518293,"(0.8014479752653509, 0.0)",1813
29,0.6734033415560992,2.1493023466300207,"(0.8232866851788918, 0.0)",2293
30,0.6845892963361466,2.075688614717994,"(0.8297926738050814, 0.0)",2900
31,0.6787902797486776,2.1138514055407134,"(0.8245536017288777, 0.0)",3668
32,0.6788033706858985,2.1137652552958737,"(0.8263530449036953, 0.0)",4638
33,0.6851543348806335,2.0719701484134445,"(0.8298283541366986, 0.0)",5866
34,0.6628612471074178,2.2186788933617083,"(0.8239947297786129, 0.0)",7419
35,0.6997755961036982,1.9757489831169184,"(0.8409950898172497, 0.0)",9383
36,0.7133245996193965,1.8865842464367029,"(0.8450681231670698, 0.0)",11867
37,0.7161781569691438,1.8678052499298887,"(0.8466117620748448, 0.0)",15008
38,0.6983096913346011,1.9853959665709693,"(0.8369668222183825, 0.0)",18980
39,0.7178003836657492,1.8571295263557646,"(0.8476785441016303, 0.0)",24004
40,0.7182142285158291,1.854406051744434,"(0.8488790156013143, 0.0)",30358
41,0.7155145751921448,1.8721722201165412,"(0.8466545201973102, 0.0)",38393
42,0.7072142139533768,1.9267961283137687,"(0.8443129374643892, 0.0)",48555
43,0.7224403393723913,1.8265944077906786,"(0.8506717749458921, 0.0)",61407
44,0.7213257125724237,1.8339296634794588,"(0.8512175122833999, 0.0)",77660
45,0.7233468208892916,1.820628936922932,"(0.8510105493773711, 0.0)",98216
46,0.708216560313653,1.9201997797946442,"(0.8457133884691399, 0.0)",124212
47,0.722382160454349,1.826977277859431,"(0.8513182964779185, 0.0)",157089
48,0.7226076441179559,1.8254933907626492,"(0.8512950015297596, 0.0)",198668
49,0.7216880490715747,1.8315451605528048,"(0.8514543640783385, 0.0)",210956
