,r2,mse,rho,train size
0,-0.26943604376960617,8.830857212790475,"(0.0008357234123678239, 0.8917758335743675)",2
1,-0.011309981750022624,7.035198102760864,"(0.01897791160815384, 0.002002099247328657)",3
2,-0.004346998396209889,6.986759969879459,"(0.08151811378047805, 2.5268310422327507e-40)",4
3,0.008504536133178697,6.897358013040998,"(0.11015486213421238, 2.4107468535181235e-72)",5
4,0.0015623509640438904,6.945651462934964,"(0.04431083158114736, 5.297613030112582e-13)",6
5,0.007211828735575465,6.906350757891895,"(0.12198220175930964, 2.0877401175000305e-88)",8
6,0.005955119712778401,6.915093079328894,"(0.09235387714465629, 2.6451943128204165e-51)",10
7,0.0208113246331314,6.8117455928450426,"(0.1491991188314052, 8.890997029370857e-132)",13
8,0.014486230584588422,6.855746236023796,"(0.1307262679317271, 2.318756574747085e-101)",16
9,0.023908943048551845,6.790196948420974,"(0.1616695463549717, 1.1188064908949781e-154)",20
10,0.02413008728718935,6.788658554104518,"(0.16943076621136705, 6.626880456252374e-170)",26
11,0.026860685507477555,6.769663093004123,"(0.16856664840957147, 3.5805442944995445e-168)",33
12,0.03681149303655906,6.700440101524903,"(0.19306729745208426, 5.858910937182154e-221)",42
13,0.009428632861863684,6.890929515676459,"(0.11697392237918867, 2.1159970772590214e-81)",53
14,0.0470026593937235,6.629545049053676,"(0.24461344982582614, 0.0)",67
15,0.07741899671277097,6.417953190512334,"(0.28411121789320715, 0.0)",85
16,0.08891390202712268,6.337988651925458,"(0.2991520506924952, 0.0)",108
17,0.14084050760134637,5.976760182305854,"(0.3785388399360758, 0.0)",136
18,0.1551801654286673,5.877006065999757,"(0.40442227524898033, 0.0)",173
19,0.1887404639291893,5.643543178655963,"(0.4351821719240516, 0.0)",219
20,0.24137083602045928,5.277418943193187,"(0.5086157206452773, 0.0)",277
21,0.2751309313840812,5.042566164977568,"(0.5396457778754999, 0.0)",350
22,0.3535076163949289,4.497337189055825,"(0.6003175244274405, 0.0)",443
23,0.360640775294499,4.44771522658878,"(0.607245188178221, 0.0)",560
24,0.4383049998410099,3.9074424961283163,"(0.6725262298381249, 0.0)",708
25,0.496213668533371,3.50459968485405,"(0.7116796424326157, 0.0)",896
26,0.5601731729625348,3.059664113828704,"(0.7526417214499074, 0.0)",1133
27,0.5985972294946698,2.7923663965180583,"(0.7795581139068606, 0.0)",1433
28,0.6436703073650394,2.4788146293630513,"(0.8038794728582441, 0.0)",1813
29,0.6582928828043857,2.377092391033761,"(0.8133627373878083, 0.0)",2293
30,0.6598895854374257,2.3659848972510944,"(0.8124502348168028, 0.0)",2900
31,0.6757736258066567,2.255487252922086,"(0.8237252464239057, 0.0)",3668
32,0.6790652723645394,2.232588847846617,"(0.8263646045821114, 0.0)",4638
33,0.6893178391548536,2.161266662034873,"(0.8308857510634614, 0.0)",5866
34,0.6939817921173044,2.1288217800254814,"(0.8335515203579118, 0.0)",7419
35,0.6948114006952952,2.123050591369936,"(0.8349918533888092, 0.0)",9383
36,0.697094059025063,2.1071712330716577,"(0.8349714333792028, 0.0)",11867
37,0.7039822841115897,2.0592531575709447,"(0.8391986220980777, 0.0)",15008
38,0.7024196130867653,2.0701239097908135,"(0.8381276226776249, 0.0)",18980
39,0.7055717469593483,2.048196027499302,"(0.8400200354108844, 0.0)",24004
40,0.706966745102714,2.0384916950308556,"(0.8409252464108967, 0.0)",30358
41,0.7068756700871347,2.039125260197199,"(0.8409716501701044, 0.0)",38393
42,0.7077807014420056,2.032829391486689,"(0.8417018860953864, 0.0)",48555
43,0.7104926634439442,2.013963573611755,"(0.8429421194061272, 0.0)",61407
44,0.7059001636117286,2.045911390492415,"(0.8405686254138134, 0.0)",77660
45,0.7082614356056937,2.0294851546677677,"(0.8417433858609057, 0.0)",98216
46,0.7090727206507759,2.023841434035164,"(0.8423171934127268, 0.0)",124212
47,0.7091046409886743,2.023619379566529,"(0.8423054997295991, 0.0)",157089
48,0.7083552784794961,2.028832334840369,"(0.8422292777635197, 0.0)",198668
49,0.7079217304769201,2.0318483201863273,"(0.8418514817505992, 0.0)",210956
