,r2,mse,rho,train size
0,-0.001576613292252782,6.98463507607241,"(0.05243415995946466, 8.364488102780872e-18)",2
1,0.0036512076800080395,6.948178132839426,"(0.07618366497168903, 7.768846565846686e-36)",3
2,-0.0015311910994166844,6.984318318036025,"(0.029724148935306144, 1.117077347837578e-06)",4
3,0.0005764918308898137,6.969620095325065,"(0.03994437105834699, 5.934212310795439e-11)",5
4,0.0001010399220187086,6.9729357259374565,"(0.036900633419093956, 1.4823121890666911e-09)",6
5,-0.00017304896730974129,6.974847123273376,"(0.046035386894745754, 4.5415170108223824e-14)",8
6,0.002022284135573371,6.959537659782952,"(0.05464214956428048, 3.3387686483422524e-19)",10
7,-0.000704110587584017,6.978550556012615,"(0.06757388747320918, 1.5499940168043844e-28)",13
8,-0.002662753751358604,6.992209428995123,"(0.01168812627069697, 0.055550307907055556)",16
9,-0.002043737347375618,6.98789263122794,"(0.01884422085023853, 0.0020225332701291126)",20
10,0.022991029862494017,6.813309168660268,"(0.15527225107561377, 2.0496177928123859e-144)",26
11,0.02661748314651191,6.788019587740412,"(0.1936639388889595, 4.8577399532964263e-225)",33
12,0.04049801395379404,6.691221758134184,"(0.22130326092370137, 6.113591495424641e-295)",42
13,0.07568897338240232,6.44581266378867,"(0.28727774332954803, 0.0)",53
14,0.07588336445520327,6.444457050361259,"(0.28296553629187005, 0.0)",67
15,0.08436402168465817,6.385315996979141,"(0.2925136395658884, 0.0)",85
16,0.10536781737000678,6.238843080052378,"(0.33444614539042405, 0.0)",108
17,0.1378374739331908,6.012411373152026,"(0.37449278862808255, 0.0)",136
18,0.18573774314179003,5.678372123405616,"(0.44342730243712464, 0.0)",173
19,0.2513592056152726,5.220751645398593,"(0.5285587500831624, 0.0)",219
20,0.3089116106404016,4.819401871935436,"(0.575407833000035, 0.0)",277
21,0.3523491993619844,4.5164837508668025,"(0.6031704221240484, 0.0)",350
22,0.36940499177582753,4.397542788824613,"(0.6169713796466174, 0.0)",443
23,0.46363777782128024,3.7403972305176896,"(0.6938519010409417, 0.0)",560
24,0.4934932600140173,3.5321958354681433,"(0.7101318593331063, 0.0)",708
25,0.5529015234269203,3.1179039730829405,"(0.7494260107230395, 0.0)",896
26,0.5922732080224211,2.8433400050547135,"(0.7699811287203343, 0.0)",1133
27,0.6077719046702217,2.735257668862977,"(0.7816802877236738, 0.0)",1433
28,0.6521539943771815,2.425752937619646,"(0.8076952318836685, 0.0)",1813
29,0.6613600248765381,2.361553391939524,"(0.8136704348134424, 0.0)",2293
30,0.6711025979718339,2.293612191167151,"(0.8199045251740005, 0.0)",2900
31,0.6859219475536036,2.1902673770813164,"(0.8282784338300988, 0.0)",3668
32,0.6903728665136502,2.159228269062501,"(0.8314375820683173, 0.0)",4638
33,0.6956772287077426,2.1222375548771253,"(0.8346438530296603, 0.0)",5866
34,0.702945715569328,2.0715497416737763,"(0.8390661213498631, 0.0)",7419
35,0.6966205763665871,2.115658987586863,"(0.8348493644577656, 0.0)",9383
36,0.706591249283741,2.046127100694775,"(0.8415540248242482, 0.0)",11867
37,0.7071866847560997,2.041974747863667,"(0.8422349168059984, 0.0)",15008
38,0.7043254222814348,2.0619281632860815,"(0.8402853000709654, 0.0)",18980
39,0.7127924042917331,2.00288247596396,"(0.8445017267663786, 0.0)",24004
40,0.7023628443051051,2.075614476236162,"(0.8444532373741788, 0.0)",30358
41,0.7116447960957775,2.010885482776102,"(0.8447627816957902, 0.0)",38393
42,0.7136161271821407,1.9971381287847727,"(0.8454484143074205, 0.0)",48555
43,0.7145601834346461,1.990554620017171,"(0.8462060609426567, 0.0)",61407
44,0.7153688984464894,1.9849149323853885,"(0.8460775921125048, 0.0)",77660
45,0.7157055735902644,1.982567081020605,"(0.8467181837563462, 0.0)",98216
46,0.7149484762239438,1.9878468057572118,"(0.8458372716584883, 0.0)",124212
47,0.7149885023287641,1.9875676780979035,"(0.8464964025998487, 0.0)",157089
48,0.7131467354616363,2.00041149782309,"(0.8460145916750499, 0.0)",198668
49,0.7157854596799051,1.9820099841631211,"(0.8461644136454188, 0.0)",210956
