,r2,mse,rho,train size
0,0.0027959506442977178,6.838298794401581,"(0.08898464007565621, 2.856411625824854e-47)",2
1,-0.000883684751895597,6.863531790908047,"(0.0203149906556503, 0.000999572944747357)",3
2,0.020200373503266755,6.7189484528835735,"(0.14593444595016508, 7.964953704602814e-125)",4
3,0.011332618150392437,6.779758836453304,"(0.1263305255994635, 8.814914877765144e-94)",5
4,0.01568861740421057,6.7498876937668655,"(0.13092229821558715, 1.2236725207044632e-100)",6
5,0.0054840799054384215,6.819865023402024,"(0.13548825448845953, 1.0432629012115707e-107)",8
6,0.01220234574846324,6.773794703847557,"(0.12098791864198219, 4.051924389607149e-86)",10
7,0.015016052596529827,6.754499788068419,"(0.1269031214743952, 1.2700505009876816e-94)",13
8,-0.0007065256322085212,6.862316927214548,"(0.07389874297448204, 4.239860517628629e-33)",16
9,0.005559746723950099,6.819346140316723,"(0.13251299297248428, 4.500257900013508e-103)",20
10,0.016120509718460463,6.746926004337551,"(0.12871414666532702, 2.611320333889249e-97)",26
11,0.03588936922958885,6.611361604805692,"(0.1899109718067293, 1.4752684533720663e-211)",33
12,0.05861886441218911,6.455494729209914,"(0.24726199172784172, 0.0)",42
13,0.05864342981023907,6.455326272681907,"(0.25171244069279813, 0.0)",53
14,0.08742459668856739,6.257960228197124,"(0.2999882558830567, 0.0)",67
15,0.10370391112397492,6.146325286131598,"(0.3327604340313474, 0.0)",85
16,0.137240093149958,5.9163518586617805,"(0.37367940631411567, 0.0)",108
17,0.13824125239241913,5.909486437241611,"(0.3831842737468028, 0.0)",136
18,0.19084448793255226,5.5487612251768095,"(0.44204828853910505, 0.0)",173
19,0.20921185195683945,5.422807541630529,"(0.466873300335612, 0.0)",219
20,0.2392552820040793,5.216785562874557,"(0.5117923241966885, 0.0)",277
21,0.33364115294989927,4.569537100622158,"(0.6120740504155021, 0.0)",350
22,0.41289203697566534,4.026076386599982,"(0.6594584618521315, 0.0)",443
23,0.4532425871791629,3.7493736205128436,"(0.6850600092733221, 0.0)",560
24,0.5613630579748431,3.0079405250797326,"(0.7539584867609106, 0.0)",708
25,0.5902572698560258,2.80979927765907,"(0.77291355544086, 0.0)",896
26,0.6087831347848276,2.682758678606424,"(0.7823205836566131, 0.0)",1133
27,0.6344112579463037,2.507014542959232,"(0.8070422890174489, 0.0)",1433
28,0.6413099553325757,2.4597069191585015,"(0.8033002695848692, 0.0)",1813
29,0.6612668855605014,2.3228528299620574,"(0.8138971976240106, 0.0)",2293
30,0.6832715582210698,2.1719564044780366,"(0.8267152060250667, 0.0)",2900
31,0.7039500481904353,2.030154239596216,"(0.8391689294864448, 0.0)",3668
32,0.7033430680741978,2.0343165887160115,"(0.839454010222354, 0.0)",4638
33,0.7039816304911484,2.029937664855037,"(0.8417244348415389, 0.0)",5866
34,0.7109319084282048,1.9822763288742655,"(0.8452402848932161, 0.0)",7419
35,0.7123158343041567,1.9727860960024903,"(0.8445963038940228, 0.0)",9383
36,0.7194092283123397,1.9241433455787285,"(0.8495130348080183, 0.0)",11867
37,0.7212192251818021,1.9117313428213067,"(0.8501185927230941, 0.0)",15008
38,0.7203322225305537,1.9178139386196102,"(0.8505704048155266, 0.0)",18980
39,0.7230707397843843,1.8990346333736912,"(0.8508964589056252, 0.0)",24004
40,0.7210530081881952,1.9128711711921658,"(0.8516167434921275, 0.0)",30358
41,0.7226382464283435,1.902000444430226,"(0.8515017781453511, 0.0)",38393
42,0.7249511470750569,1.8861397931280077,"(0.8529049545873405, 0.0)",48555
43,0.6899701007937598,2.1260213366966036,"(0.8366792181440633, 0.0)",61407
44,0.725107997099673,1.8850641984842371,"(0.8535067254080726, 0.0)",77660
45,0.7255837991032601,1.8818013995920688,"(0.852517409196656, 0.0)",98216
46,0.727613913513464,1.8678799469738556,"(0.8535823844596121, 0.0)",124212
47,0.7270033320386883,1.872066992308801,"(0.8533588240265376, 0.0)",157089
48,0.7268399048199938,1.873187689876458,"(0.8532484535466796, 0.0)",198668
49,0.7264077749761848,1.876151008158061,"(0.854102533560956, 0.0)",210956
