,r2,mse,rho,train size
0,-0.0032500328186024774,6.758824237824899,"(-0.013545687843672789, 0.028345341861272817)",2
1,-0.002513745780875265,6.75386392432996,"(0.04643103430602409, 5.5226769752339867e-14)",3
2,0.008180397576324161,6.681818239843567,"(0.09445409941320172, 5.478180457912219e-53)",4
3,0.005997371429677156,6.696525131993185,"(0.0776970682065165, 2.26877624323232e-36)",5
4,0.002921352655062548,6.717248052072698,"(0.08115779211559553, 1.5488781648475138e-39)",6
5,-0.0017050237696489834,6.748415621561625,"(0.1127310163032778, 7.701502941360871e-75)",8
6,-0.0017161305153217121,6.748490446918616,"(-0.008970577715794294, 0.14652402836393977)",10
7,-0.001989379572632677,6.750331306416349,"(0.044916705310501424, 3.5041989360663055e-13)",13
8,0.018850174074577786,6.609936713155782,"(0.16506651579097842, 2.1508629352190642e-159)",16
9,0.048889231627779695,6.407565715268451,"(0.22270409211514142, 9.559691425165141e-292)",20
10,0.04839363923279094,6.410904486045185,"(0.2293995049485102, 6.62588224532746e-310)",26
11,0.05392498384604494,6.373640210125064,"(0.25417593451105086, 0.0)",33
12,0.07211838762452494,6.251072540646841,"(0.28788192025526615, 0.0)",42
13,0.06767296795951305,6.281021017294057,"(0.26375539937428216, 0.0)",53
14,0.08751149699757688,6.1473702557500465,"(0.30527768527995347, 0.0)",67
15,0.10471505909285495,6.031471079410309,"(0.32504309202089104, 0.0)",85
16,0.13740691413022554,5.811228373227423,"(0.3730057711593927, 0.0)",108
17,0.17030114940720376,5.589622245739806,"(0.42154983525435363, 0.0)",136
18,0.21793399044282968,5.268723177734233,"(0.4710204653029413, 0.0)",173
19,0.26276389143571444,4.966707317780821,"(0.5305206586976215, 0.0)",219
20,0.29089843851570785,4.777166871726465,"(0.5478024811191913, 0.0)",277
21,0.35055145033434576,4.3752887666180795,"(0.593411101838178, 0.0)",350
22,0.37054126650016717,4.240618794436134,"(0.6227997050321988, 0.0)",443
23,0.40711117565293853,3.9942499130293827,"(0.6578333826597912, 0.0)",560
24,0.45736941631980255,3.6556637141181323,"(0.6874177234830925, 0.0)",708
25,0.4788372084589597,3.5110367227438326,"(0.6956430732818973, 0.0)",896
26,0.5386870666287438,3.107832477744362,"(0.7354354047850983, 0.0)",1133
27,0.5703507850876981,2.894516254689984,"(0.7574513717546965, 0.0)",1433
28,0.6184612801722554,2.5703992652713996,"(0.788447463614741, 0.0)",1813
29,0.6485198900806785,2.3678965445552103,"(0.8067784497561864, 0.0)",2293
30,0.6763953057068179,2.180101848706484,"(0.8232616587956874, 0.0)",2900
31,0.6936502965071998,2.063856200832029,"(0.8329230716078079, 0.0)",3668
32,0.7016646877984055,2.009863815745102,"(0.8385022566959839, 0.0)",4638
33,0.6822154253171653,2.140892116134695,"(0.830318232982747, 0.0)",5866
34,0.6993004445585322,2.0257915545849157,"(0.8385420382425162, 0.0)",7419
35,0.7036845609844936,1.9962560735064996,"(0.8397898174094561, 0.0)",9383
36,0.7044481356562373,1.991111925158683,"(0.8427031324070549, 0.0)",11867
37,0.700050819017491,2.0207363351333827,"(0.8385901200407253, 0.0)",15008
38,0.7055812993798696,1.9834778816100451,"(0.843247141018931, 0.0)",18980
39,0.7196892596141554,1.888433555212299,"(0.8488487905556689, 0.0)",24004
40,0.7187952519506269,1.8944564213646995,"(0.8484669424388187, 0.0)",30358
41,0.7183789183925499,1.8972612309847354,"(0.8492407779914619, 0.0)",38393
42,0.715283813778018,1.918112731012629,"(0.8459610875471617, 0.0)",48555
43,0.7225877840991098,1.8689064015596848,"(0.8503940961023122, 0.0)",61407
44,0.721945536776593,1.8732331761703065,"(0.8503593004978702, 0.0)",77660
45,0.7229536413157817,1.866441647467749,"(0.8506681740393406, 0.0)",98216
46,0.7228833874869778,1.8669149425242018,"(0.8505738414681037, 0.0)",124212
47,0.7213771558897115,1.8770623178487553,"(0.8494868754028344, 0.0)",157089
48,0.7240100378470545,1.8593247790433725,"(0.8511316950833133, 0.0)",198668
49,0.7240079820496303,1.8593386288046527,"(0.8509769381382379, 0.0)",210956
