,r2,mse,rho,train size
0,0.003679364855463385,6.690827400313495,"(0.09905151231399657, 7.506832486037953e-60)",2
1,0.00479242882597497,6.683352578805738,"(0.0707792714185062, 2.4227966015579903e-31)",3
2,0.007544615920435871,6.664870166444845,"(0.09506430882442016, 2.9830852658650748e-55)",4
3,0.004809249947328342,6.683239615954538,"(0.09546751153131182, 1.0429308326171761e-55)",5
4,0.0013686244040830298,6.706345261714474,"(0.048053405079134005, 2.7687480955214676e-15)",6
5,0.0025581164472984197,6.6983571847094785,"(0.059491038970288394, 1.3125010461649978e-22)",8
6,0.018848980302631158,6.5889552969906475,"(0.13909150227056027, 9.774185961120599e-117)",10
7,0.009547775206355968,6.6514178775283535,"(0.10837333089904598, 2.373310260721929e-71)",13
8,-0.0004854487244683181,6.718796357128047,"(0.06525496195702536, 7.015629816796924e-27)",16
9,0.025667160690111435,6.543167559039988,"(0.16299038291858148, 3.9323746822465526e-160)",20
10,0.01902542086402703,6.587770403994286,"(0.1479079336006805, 6.522766553891353e-132)",26
11,0.036693028638661196,6.4691229424977506,"(0.20892829271805294, 4.551156892848988e-264)",33
12,0.03270168186655875,6.49592697666599,"(0.19366628230805297, 1.751648232585377e-226)",42
13,0.051101585081826495,6.372361758549264,"(0.23246411050907043, 0.0)",53
14,0.07313802385440316,6.22437525385994,"(0.27516616835366786, 0.0)",67
15,0.08382913633629163,6.152578699808568,"(0.2944811266322122, 0.0)",85
16,0.11336142431745355,5.954253547595253,"(0.3411769800966023, 0.0)",108
17,0.16516911672256773,5.606337108184294,"(0.4066826714670353, 0.0)",136
18,0.20227740778822056,5.357135032183069,"(0.46421868105039044, 0.0)",173
19,0.2649843124316038,4.936024537250955,"(0.5239010221918091, 0.0)",219
20,0.3082624030230824,4.645388948517306,"(0.559242153661303, 0.0)",277
21,0.3063570237378547,4.658184592288894,"(0.5539468575542372, 0.0)",350
22,0.37475400060897957,4.198862210712865,"(0.6262288266272129, 0.0)",443
23,0.42036951801820477,3.8925295473159602,"(0.6634351850060027, 0.0)",560
24,0.4887637525571472,3.4332255819712723,"(0.7087241025984901, 0.0)",708
25,0.5640762767640253,2.9274615911681994,"(0.757404374274312, 0.0)",896
26,0.6020051312681596,2.6727489916023472,"(0.7784315193499742, 0.0)",1133
27,0.620214666759758,2.5504621948459065,"(0.7877185000591268, 0.0)",1433
28,0.6538276226293305,2.324733169264661,"(0.8087049982571626, 0.0)",1813
29,0.6712972499012821,2.207415253022285,"(0.8197681771644457, 0.0)",2293
30,0.6821098048763997,2.134803147498226,"(0.8268624743706166, 0.0)",2900
31,0.7015964830757933,2.003939652516333,"(0.8378690528279152, 0.0)",3668
32,0.7022964950771615,1.999238696504693,"(0.8388144038045487, 0.0)",4638
33,0.7129978655841602,1.9273732543132378,"(0.8447526040421995, 0.0)",5866
34,0.7171806105174644,1.8992838788440507,"(0.84688361960868, 0.0)",7419
35,0.7098176908131979,1.948729833455307,"(0.8435502477373616, 0.0)",9383
36,0.7105541132154727,1.943784362074369,"(0.8456828947533358, 0.0)",11867
37,0.7215792856665806,1.8697444161704555,"(0.8518032932892536, 0.0)",15008
38,0.7263965159274715,1.8373941314465903,"(0.8526456758546993, 0.0)",18980
39,0.704204516110633,1.9864253119768567,"(0.8430200009111496, 0.0)",24004
40,0.7193611007423819,1.8846407175680844,"(0.8484319227093235, 0.0)",30358
41,0.7308238767109202,1.8076620293541,"(0.854923701134182, 0.0)",38393
42,0.7296462195398463,1.8155706288455218,"(0.8546789431264331, 0.0)",48555
43,0.7023120562973327,1.9991341945656274,"(0.8387421977379729, 0.0)",61407
44,0.7316576099897795,1.8020630632482382,"(0.8554140216806336, 0.0)",77660
45,0.7326219866039367,1.795586757080707,"(0.8567757074368325, 0.0)",98216
46,0.73201798816132,1.799642930552433,"(0.8558436858032332, 0.0)",124212
47,0.7326849918824454,1.7951636428452487,"(0.8563707610889221, 0.0)",157089
48,0.7326630104178918,1.7953112601685748,"(0.8561995062004097, 0.0)",198668
49,0.7322986232036237,1.7977583157363788,"(0.8562184426915898, 0.0)",210956
