,r2,mse,rho,train size
0,0.001890156934369669,6.806757170389835,"(0.04980279518912372, 7.315353676512249e-16)",2
1,-5.395302931643364e-05,6.820015314798773,"(0.04717633835223101, 2.1837580973312014e-14)",3
2,-4.856636357120081e-05,6.819978579637868,"(0.04052982983380807, 5.306120817332731e-11)",4
3,0.01036888445781714,6.748935238498304,"(0.1118942675844832, 9.568502702013808e-74)",5
4,0.01858426806722857,6.692909219238631,"(0.13899609532861026, 3.863884714215977e-113)",6
5,0.002525593473581944,6.802423717263748,"(0.06599045394775524, 1.1141522273728118e-26)",8
6,0.0177373012535752,6.698685234245366,"(0.13911960820381458, 2.4401056508610554e-113)",10
7,0.005434999295972576,6.782582595486704,"(0.08320400291317534, 1.8102945315427635e-41)",13
8,0.00782662748981755,6.766272534554573,"(0.11793137218266275, 9.13785058613626e-82)",16
9,0.011242771545730501,6.7429756367139,"(0.1196020816086205, 4.626965785999428e-84)",20
10,0.020617202499314313,6.679045323277009,"(0.1460617771054632, 7.447994099577911e-125)",26
11,0.017309389345238957,6.701603442567425,"(0.13226852724511518, 1.5239748999416652e-102)",33
12,0.03069797134179464,6.6102980345108335,"(0.19258082583326877, 2.8404656333668596e-217)",42
13,0.03883519808950542,6.554805017487831,"(0.20737930200233567, 2.250108385233914e-252)",53
14,0.04172153738536244,6.535121201287892,"(0.20510957087094253, 8.291594762842132e-247)",67
15,0.06011009271569334,6.409717738214731,"(0.24814413782231395, 0.0)",85
16,0.10574285429302299,6.09851839554804,"(0.3327303106203125, 0.0)",108
17,0.11807908443107251,6.014389656080007,"(0.3479019674035245, 0.0)",136
18,0.15329147807390597,5.774253548235626,"(0.40479512434627296, 0.0)",173
19,0.20499589812264363,5.4216476358175765,"(0.4562834064688515, 0.0)",219
20,0.25192853685028926,5.101583589355997,"(0.5025171955223227, 0.0)",277
21,0.31372027668402913,4.680185713053803,"(0.5691181258580678, 0.0)",350
22,0.3463168063650871,4.457888875007515,"(0.5886106345133175, 0.0)",443
23,0.419828323828635,3.9565662479664145,"(0.6482017255886354, 0.0)",560
24,0.47451613984283014,3.5836146270864413,"(0.694756434456364, 0.0)",708
25,0.5174140542541928,3.2910659777138767,"(0.7201478225402997, 0.0)",896
26,0.5823235522717787,2.84840608999994,"(0.771182326705736, 0.0)",1133
27,0.6411541152723133,2.4472023955127504,"(0.8023204440274624, 0.0)",1433
28,0.6459423840402512,2.4145480909826915,"(0.8041918778598747, 0.0)",1813
29,0.6953496198045724,2.0776081653378324,"(0.8351669034971649, 0.0)",2293
30,0.6950840634238917,2.0794191662120336,"(0.8338359685831781, 0.0)",2900
31,0.7153252304998245,1.9413815443126323,"(0.8478935010167724, 0.0)",3668
32,0.7126803310189653,1.9594188261122023,"(0.8477628311566225, 0.0)",4638
33,0.7246472457078841,1.8778086877770714,"(0.8516669172160058, 0.0)",5866
34,0.7269683764062065,1.8619793949051657,"(0.8526354899826183, 0.0)",7419
35,0.718703648507039,1.9183419248209035,"(0.8482407857382215, 0.0)",9383
36,0.7234011300328473,1.8863067572682415,"(0.8506117926444721, 0.0)",11867
37,0.7260815790360862,1.8680270402617223,"(0.8531339453171731, 0.0)",15008
38,0.7366287732456669,1.796098894965557,"(0.858663013411856, 0.0)",18980
39,0.7186836081433067,1.9184785930348085,"(0.8482702018100647, 0.0)",24004
40,0.7353901297643639,1.80454600673035,"(0.8575668700509191, 0.0)",30358
41,0.7333011869137254,1.8187918603564865,"(0.8577846960981991, 0.0)",38393
42,0.723478531013763,1.8857789098719815,"(0.853388594876404, 0.0)",48555
43,0.7300108107495243,1.8412310655246917,"(0.8547566967778911, 0.0)",61407
44,0.7425741577162137,1.7555534693725965,"(0.8622735818804653, 0.0)",77660
45,0.7407013135568865,1.7683256061259713,"(0.8612981904552625, 0.0)",98216
46,0.7440620263886686,1.7454067296873887,"(0.8626543260053181, 0.0)",124212
47,0.7426802790588333,1.754829759237058,"(0.8629953541545834, 0.0)",157089
48,0.7354292598300911,1.8042791534803626,"(0.8595592707900805, 0.0)",198668
49,0.743241912742616,1.7509996155602074,"(0.8631594157027238, 0.0)",210956
