,r2,mse,rho,train size
0,-0.6429917993462746,11.170732169198653,"(-0.006289583059963107, 0.30485841331294933)",2
1,-0.04719743794977593,7.119915091641018,"(-0.04880199357938405, 1.6372043793278996e-15)",3
2,-0.02073415776048604,6.9399907515252375,"(0.06992953074148314, 3.2452949151990284e-30)",4
3,-7.983745763517902e-05,6.799561639017317,"(0.05293754383766293, 5.5187952258445104e-18)",5
4,0.022364365000965725,6.646963084042143,"(0.1587291451881222, 1.0397190161504113e-149)",6
5,0.0010774738907798342,6.791693057375788,"(0.0483414830344142, 3.000848681702708e-15)",8
6,-0.00651764762015028,6.84333243148884,"(0.11026260852316905, 8.97319013555844e-73)",10
7,0.01902851282453366,6.6696436057792505,"(0.15062390574619042, 7.684085204410688e-135)",13
8,0.019447436581569,6.666795335269915,"(0.15771566331870757, 8.331451030827776e-148)",16
9,0.030768911183490233,6.589820416351412,"(0.18797607754408052, 3.259674922268357e-210)",20
10,-0.013674840532588384,6.891994320817773,"(0.029309669185059326, 1.7312611769717992e-06)",26
11,0.04481280536537091,6.494335715465639,"(0.22787560221697228, 1.45601106031785e-310)",33
12,-0.002745059084188206,6.817682531022758,"(0.11630190247186376, 8.307887211086529e-81)",42
13,0.04761194241183153,6.475304329999604,"(0.24906980461369324, 0.0)",53
14,0.016880606600697567,6.684247260624377,"(0.21130982017366132, 2.373967289382299e-266)",67
15,0.1141158012000284,6.023143342320454,"(0.3401380225888563, 0.0)",85
16,0.12761377350719927,5.931370374536525,"(0.36203579187164103, 0.0)",108
17,0.14334772271287144,5.824394957732696,"(0.3877536111972699, 0.0)",136
18,0.15558162800901287,5.741216405349834,"(0.40150263433278943, 0.0)",173
19,0.17994880718685313,5.575543495465054,"(0.43085179720754463, 0.0)",219
20,0.27191648640394783,4.9502535133935,"(0.5251061480768081, 0.0)",277
21,0.30806590543291934,4.704472932988018,"(0.5745700328522887, 0.0)",350
22,0.35845464806921357,4.361878923354686,"(0.6058520971633308, 0.0)",443
23,0.4559682220452185,3.698882298428921,"(0.6817674677715806, 0.0)",560
24,0.4784258116149305,3.5461927242333227,"(0.7004629714894506, 0.0)",708
25,0.5531545613910189,3.0381105479133352,"(0.7513008227112364, 0.0)",896
26,0.5936168681339714,2.7630065627605633,"(0.7728645575930342, 0.0)",1133
27,0.6537539135221714,2.35413365922823,"(0.8093831687594171, 0.0)",1433
28,0.6638688982511205,2.2853616876653877,"(0.8160290202110168, 0.0)",1813
29,0.6663710263065009,2.2683496719202,"(0.8168168003217688, 0.0)",2293
30,0.6728801155018986,2.224094251962448,"(0.8204694986210669, 0.0)",2900
31,0.6842892924172872,2.14652304336389,"(0.8276537741188741, 0.0)",3668
32,0.6987609640193907,2.0481298757461217,"(0.8371751199204576, 0.0)",4638
33,0.6893581752026932,2.1120596138961587,"(0.830780446566366, 0.0)",5866
34,0.6961707153673169,2.06574102508689,"(0.836734810784202, 0.0)",7419
35,0.6880278627333576,2.121104433415164,"(0.8356086426769704, 0.0)",9383
36,0.7005671652292482,2.035849479722825,"(0.8387287415303705, 0.0)",11867
37,0.6972358773651857,2.0584989686142188,"(0.8357343766818828, 0.0)",15008
38,0.7076768939371287,1.9875103004140806,"(0.8424563303797641, 0.0)",18980
39,0.7045376351964081,2.0088541796813777,"(0.8395181311815463, 0.0)",24004
40,0.7055111299133521,2.0022353707771354,"(0.8402474443761134, 0.0)",30358
41,0.710555457036442,1.9679388957196933,"(0.8436662628386286, 0.0)",38393
42,0.7046457260142743,2.008119268176151,"(0.8397255588880992, 0.0)",48555
43,0.7056926077315347,2.0010014996754197,"(0.8426372841888858, 0.0)",61407
44,0.7118426615177855,1.9591871682224518,"(0.8441708006474649, 0.0)",77660
45,0.712074482175347,1.9576110152082145,"(0.8444398962568916, 0.0)",98216
46,0.7015890589848122,2.028901604844008,"(0.8387873502569728, 0.0)",124212
47,0.7069316045123277,1.9925775372416181,"(0.8416021352359517, 0.0)",157089
48,0.7144836043302611,1.9412313483309136,"(0.8459219019337261, 0.0)",198668
49,0.7062088958017818,1.9974912473679047,"(0.8438705826623205, 0.0)",210956
