,r2,mse,rho,train size
0,-0.0023298753845570896,6.783043384768913,"(0.04774316254393758, 3.4766781025238298e-15)",2
1,0.0014380330572546507,6.757544906614862,"(0.07734139417028116, 2.5762209050756355e-37)",3
2,-0.0009074995085660564,6.773417773966287,"(0.05636718764562549, 1.4499288476241894e-20)",4
3,0.005640545837386157,6.7291053407466475,"(0.0754934836224003, 1.2495259313519563e-35)",5
4,0.003846537334420086,6.741245892282731,"(0.06734526069748983, 1.1090603936343409e-28)",6
5,0.006520499520829781,6.723150450886564,"(0.08466571194409463, 2.127529853119227e-44)",8
6,0.018566008760643182,6.641635159591928,"(0.16461659423553557, 2.8083279511720683e-164)",10
7,0.02149265455038263,6.62182973839161,"(0.1480974359842981, 5.310171169976016e-133)",13
8,0.024205873303220993,6.603468636957004,"(0.17369863492745574, 5.893445769179702e-183)",16
9,0.031928036455803666,6.551210623926976,"(0.20316287877416497, 6.168679266782084e-251)",20
10,-0.004498684865518632,6.797720318145777,"(0.17034964518374418, 6.042644660271181e-176)",26
11,0.03988460927367066,6.497366295883817,"(0.24289414108303314, 0.0)",33
12,0.054554740305731486,6.39808946328164,"(0.24534525632588947, 0.0)",42
13,0.052276756012518466,6.413505212796997,"(0.25571646874170983, 0.0)",53
14,0.013440553381113496,6.676320533199802,"(0.14628738023286048, 8.760463370252273e-130)",67
15,0.09789932732630624,6.104764659266745,"(0.31307470032223933, 0.0)",85
16,0.13258917606495535,5.870008862014815,"(0.3642095654244483, 0.0)",108
17,0.16031089517810038,5.68240832444459,"(0.4031712496853727, 0.0)",136
18,0.18538656168652523,5.512714356414968,"(0.4308384527487562, 0.0)",173
19,0.2045809089923908,5.382820901460274,"(0.45565445490867357, 0.0)",219
20,0.2864467046756468,4.828812428316534,"(0.5503541894260059, 0.0)",277
21,0.3676325894458913,4.27940510029876,"(0.6154205731492036, 0.0)",350
22,0.4166234269491893,3.9478705582264304,"(0.6520277888307998, 0.0)",443
23,0.44103182903822324,3.7826921530040174,"(0.6932796569104268, 0.0)",560
24,0.521140849366058,3.240572264392933,"(0.7284314890430025, 0.0)",708
25,0.5508530223644326,3.039501775072827,"(0.7444206020488755, 0.0)",896
26,0.5704438311740303,2.906925355511122,"(0.7583201908645322, 0.0)",1133
27,0.6040175147058713,2.6797229568042025,"(0.7789551072667183, 0.0)",1433
28,0.6379024803930448,2.450414025690759,"(0.8006304504318758, 0.0)",1813
29,0.6602694530651549,2.299050537734605,"(0.8130443193180734, 0.0)",2293
30,0.6768384430442453,2.1869236016529556,"(0.8227576002837066, 0.0)",2900
31,0.6708396253831207,2.2275192592822517,"(0.8248135921690304, 0.0)",3668
32,0.6603678320111966,2.29838478020753,"(0.8152204652496008, 0.0)",4638
33,0.6785856840477109,2.1750995387159837,"(0.8261119319592899, 0.0)",5866
34,0.6720363809149819,2.219420483726488,"(0.8281023028318006, 0.0)",7419
35,0.6956507352521065,2.059615619174717,"(0.8362714398489771, 0.0)",9383
36,0.694543592792191,2.0671079582969494,"(0.8355538927775515, 0.0)",11867
37,0.7027548481833297,2.0115401228673786,"(0.839269521759701, 0.0)",15008
38,0.6871497379357956,2.1171442183180056,"(0.8313655019368221, 0.0)",18980
39,0.6873406051801652,2.115852566905547,"(0.8313085159996939, 0.0)",24004
40,0.690270534671843,2.096024923986354,"(0.8325533428551246, 0.0)",30358
41,0.6947135951736751,2.065957505180227,"(0.834404648010003, 0.0)",38393
42,0.7057949951425131,1.9909666078733226,"(0.8417438456106969, 0.0)",48555
43,0.7013378274342321,2.021129494045764,"(0.8379465461227287, 0.0)",61407
44,0.708639210747739,1.971719014521402,"(0.842389784809674, 0.0)",77660
45,0.6952819559796967,2.0621112504689547,"(0.834557020316157, 0.0)",98216
46,0.6970354953620748,2.0502445646605447,"(0.835118157532219, 0.0)",124212
47,0.6916939373495932,2.08639236453234,"(0.832923750517175, 0.0)",157089
48,0.689289341591615,2.102664928834526,"(0.8347323679050069, 0.0)",198668
49,0.6979809119369289,2.0438466693155064,"(0.8375683391116092, 0.0)",210956
