,r2,mse,rho,train size
0,-0.005364552791323529,6.823711903559619,"(0.030489783630780132, 8.058416511576214e-07)",2
1,-0.010125555413364129,6.856026261744118,"(-0.04696504011155337, 2.9057524515615374e-14)",3
2,-0.022533127242259754,6.940240187277932,"(-0.05954087991614513, 5.345597313439318e-22)",4
3,-0.00566890492610983,6.825777633129304,"(-0.02380433577065756, 0.00011728219483663191)",5
4,-0.00020410155900507654,6.788686367395703,"(0.029102543791788935, 2.4849255172279627e-06)",6
5,0.0018030611478949687,6.775063149810175,"(0.046616407091001205, 4.489887395229663e-14)",8
6,0.0012777244313058045,6.7786287682680895,"(0.048627193877716114, 3.4950671447970083e-15)",10
7,0.003193298694194935,6.765627189026473,"(0.07433663724960246, 2.1051281357199646e-33)",13
8,-0.0004260333970116381,6.790192685596977,"(0.023203762269432854, 0.0001736640683443665)",16
9,0.009435370492681616,6.723260368437914,"(0.11528920748106794, 3.7689981745722225e-78)",20
10,0.00014877533910317986,6.786291285648066,"(0.023690796153425134, 0.0001264038552464742)",26
11,0.00350143292987648,6.763535789199339,"(0.06041298834281899, 1.333708167249306e-22)",33
12,0.034547787807913455,6.55281483155745,"(0.2025350727207194, 2.069607812293116e-240)",42
13,0.0005318829508199618,6.783691018945647,"(0.03756022383460036, 1.2105592558225274e-09)",53
14,0.012090924051345042,6.705236326931297,"(0.20171179409050077, 1.9491647697804816e-238)",67
15,0.007993654651415327,6.733045727908053,"(0.11995524694531887, 1.7085050418087927e-84)",85
16,0.1276366178845909,5.920992915697135,"(0.3645969602377995, 0.0)",108
17,0.1792665483911784,5.570565033194614,"(0.42843433575963075, 0.0)",136
18,0.25184653970412707,5.077942780592458,"(0.5098284386833314, 0.0)",173
19,0.27179125490214684,4.942571993814697,"(0.5406537827136948, 0.0)",219
20,0.36809469907192327,4.2889315242849415,"(0.6166109304814421, 0.0)",277
21,0.3806753190758799,4.203543068687604,"(0.6279179406992507, 0.0)",350
22,0.44948236625579896,3.736528923831577,"(0.6758508735083256, 0.0)",443
23,0.48415655112685807,3.50118479180111,"(0.6977512060087249, 0.0)",560
24,0.5356275929697374,3.1518353344955745,"(0.7362081685399028, 0.0)",708
25,0.5887836872836409,2.7910489187526983,"(0.7675451715324523, 0.0)",896
26,0.6307161028991952,2.5064409894334934,"(0.7961253399758084, 0.0)",1133
27,0.6452222806628943,2.4079831935956775,"(0.8075340386986825, 0.0)",1433
28,0.6677435569720684,2.2551245108346945,"(0.817592611887481, 0.0)",1813
29,0.6665529633836407,2.2632054279697766,"(0.8174760754512774, 0.0)",2293
30,0.6932672588467119,2.081887461824611,"(0.8339560262985216, 0.0)",2900
31,0.7090066998457552,1.9750591371115962,"(0.8429983670361108, 0.0)",3668
32,0.696168955587054,2.0621927724379416,"(0.8357385366469949, 0.0)",4638
33,0.7171159434477303,1.920019259345836,"(0.8470485677197668, 0.0)",5866
34,0.7105635550148255,1.964492292358807,"(0.8436041316750794, 0.0)",7419
35,0.7194397930897695,1.9042465921870046,"(0.8482576860408007, 0.0)",9383
36,0.7367063022051641,1.787053596415953,"(0.8597025017627863, 0.0)",11867
37,0.7348779787713704,1.7994629780120075,"(0.8577812677694432, 0.0)",15008
38,0.7421557894564128,1.7500662857718692,"(0.8615423276757641, 0.0)",18980
39,0.736490026635048,1.7885215238241277,"(0.8586886088815255, 0.0)",24004
40,0.7362360926576021,1.7902450501806164,"(0.8586775806555894, 0.0)",30358
41,0.7501151425262644,1.6960437601749743,"(0.8682481210358424, 0.0)",38393
42,0.7509590543998076,1.690315876213815,"(0.8665803744845046, 0.0)",48555
43,0.7339503047065747,1.8057593811833696,"(0.8577121529858209, 0.0)",61407
44,0.7330769383655953,1.811687181482836,"(0.8567482392137387, 0.0)",77660
45,0.7462665349847017,1.7221654182546993,"(0.8639821398025938, 0.0)",98216
46,0.7482827211478005,1.7084809557552698,"(0.8659917042691009, 0.0)",124212
47,0.7446112455004301,1.7334003663402486,"(0.8631266278991678, 0.0)",157089
48,0.7497801914318964,1.698317174095729,"(0.8680303445430627, 0.0)",198668
49,0.7492743723432006,1.7017503205369864,"(0.8660733970604623, 0.0)",210956
