,r2,mse,rho,train size
0,0.016181926848157557,6.758763050820233,"(0.1737372759329863, 1.849046390709736e-179)",2
1,0.0006039325159006292,6.865782809220723,"(0.06345321056502394, 3.6329770314970926e-25)",3
2,0.0035239300965129727,6.845722625031281,"(0.06462203853264033, 4.8252858554384885e-26)",4
3,-0.0016278010988626246,6.881114666915114,"(0.009405254787849905, 0.1248810382704754)",5
4,0.002297779012821577,6.854146199333618,"(0.060869103092298864, 2.769324860957361e-23)",6
5,0.00035935942088782813,6.867463009699762,"(0.0241167227580496, 8.303055997880995e-05)",8
6,0.0024667205104037526,6.852985582769673,"(0.05319499464296874, 3.77093215695275e-18)",10
7,0.0018306961985116166,6.857355026405596,"(0.06462559663258009, 4.7954559220809305e-26)",13
8,0.003921712503934138,6.84298988702726,"(0.10283667168991092, 1.6403568261841762e-63)",16
9,0.004096433013505374,6.8417895690451696,"(0.0701163623363838, 2.236299477950622e-30)",20
10,0.02001992075874881,6.7323962944655005,"(0.1528061179420987, 8.345180882415126e-139)",26
11,0.012460288946531284,6.784330449330671,"(0.14203958064011246, 5.159242901261259e-120)",33
12,0.002166009403833602,6.8550514475586235,"(0.049939353673560706, 3.543009095626817e-16)",42
13,0.0034006651286807577,6.846569446951696,"(0.0614686072520665, 1.0294953941546891e-23)",53
14,0.0876449171653998,6.267817182231017,"(0.2976081422226861, 0.0)",67
15,0.011068550465414106,6.79389159775768,"(0.18425970219801452, 5.53810824729737e-202)",85
16,0.06717310351251526,6.4084571455294315,"(0.34101087048906265, 0.0)",108
17,0.1285748123701721,5.986631594231289,"(0.37980315129835585, 0.0)",136
18,0.22365299049680198,5.333450996315611,"(0.47590120742296665, 0.0)",173
19,0.16043057475319045,5.7677846797196635,"(0.42452783128660004, 0.0)",219
20,0.30095056165912826,4.802421955330058,"(0.5526880955604232, 0.0)",277
21,0.32816957450785267,4.615429193820414,"(0.5840238328935967, 0.0)",350
22,0.3527657079818737,4.4464554346937115,"(0.6153499941389087, 0.0)",443
23,0.403019333052012,4.1012164585426785,"(0.646186849227988, 0.0)",560
24,0.46437074867121186,3.679736418361952,"(0.6941405133795557, 0.0)",708
25,0.5467492904991803,3.113801455504862,"(0.7489835004014301, 0.0)",896
26,0.6021970567550886,2.732879083729008,"(0.7779239335869947, 0.0)",1133
27,0.6254440866804738,2.573173573951536,"(0.7943896864026262, 0.0)",1433
28,0.6543576272301463,2.37453952272959,"(0.8090124299972148, 0.0)",1813
29,0.68366402045448,2.1732066004313992,"(0.8282895968520048, 0.0)",2293
30,0.6840276035690056,2.1707088092366464,"(0.8277157763435183, 0.0)",2900
31,0.702962739006753,2.040625720450808,"(0.8410375936069694, 0.0)",3668
32,0.7062852483599869,2.017800307841036,"(0.8439812743555674, 0.0)",4638
33,0.710965651982997,1.9856462542274627,"(0.844777941502771, 0.0)",5866
34,0.725104763428154,1.8885115231071015,"(0.8527734475385031, 0.0)",7419
35,0.7224263876721504,1.9069117818438563,"(0.8501065675576804, 0.0)",9383
36,0.7362375743219514,1.8120298716980063,"(0.8581722050183662, 0.0)",11867
37,0.7266605744329894,1.8778232076344519,"(0.8529644571626291, 0.0)",15008
38,0.7187520091602493,1.9321545115707093,"(0.8493763718505196, 0.0)",18980
39,0.7412457622413854,1.7776239623280017,"(0.8631069584811181, 0.0)",24004
40,0.7416260056210973,1.7750117162479089,"(0.8617373725772454, 0.0)",30358
41,0.7336741332984216,1.829640536663007,"(0.86069814406869, 0.0)",38393
42,0.7455399686211245,1.7481230574310271,"(0.8657872000170395, 0.0)",48555
43,0.7539872350357697,1.6900909133976993,"(0.8686021073659557, 0.0)",61407
44,0.7424453162004474,1.7693831084575298,"(0.8656519597454673, 0.0)",77660
45,0.7450594961317841,1.7514238706570802,"(0.8633532741130894, 0.0)",98216
46,0.740414396250862,1.7833353899707736,"(0.8618583899412757, 0.0)",124212
47,0.737783374734219,1.8014103283134195,"(0.8611396260424545, 0.0)",157089
48,0.7496863340612019,1.7196378097044713,"(0.8663582571185074, 0.0)",198668
49,0.7454617554019961,1.7486603769110782,"(0.8644604121751787, 0.0)",210956
