,r2,mse,rho,train size
0,0.005706105589182053,6.8202986264801195,"(0.13203640423252808, 1.1096095601701354e-102)",2
1,0.013896874476108101,6.764114544385941,"(0.12475221841914907, 8.716482225796209e-92)",3
2,0.014810722492076933,6.757846059380492,"(0.13257658768963423, 1.6287008501190135e-103)",4
3,0.021016485637377014,6.715278003703925,"(0.15823105500459883, 3.6668316739386967e-147)",5
4,0.020612841589971342,6.71804677555054,"(0.15811352459609723, 6.061471319329092e-147)",6
5,0.025238900258645947,6.686314606861449,"(0.16253060508479866, 2.8957543550141208e-155)",8
6,0.02257435756585613,6.704591875755473,"(0.1641686685203962, 2.0642086280426968e-158)",10
7,0.023442553118675935,6.698636541050414,"(0.16176733745949182, 8.256584532041798e-154)",13
8,0.01566974789680675,6.751953626749733,"(0.13664272938745675, 6.704139817715691e-110)",16
9,0.0205014542986377,6.718810829915514,"(0.1496531677570497, 1.1230705834024767e-131)",20
10,0.029534434315958924,6.656849651684942,"(0.19531308848969592, 1.239020164206058e-224)",26
11,0.035507523814741204,6.615877606766042,"(0.1998596829211935, 2.4911540769586e-235)",33
12,0.029520068972389124,6.6569481898873475,"(0.1720210599044789, 5.841734118227675e-174)",42
13,0.02824423128517073,6.665699721074113,"(0.17384381043522718, 1.1156712429405563e-177)",53
14,0.03155060168552393,6.643019873971636,"(0.186337687761033, 2.7098026792131016e-204)",67
15,0.08765144110082823,6.25819957067961,"(0.3021915361698415, 0.0)",85
16,0.008154992851125753,6.803500632926175,"(0.26766730067924716, 0.0)",108
17,0.11488501591671851,6.071392516995523,"(0.38785317103342726, 0.0)",136
18,0.21849281929428532,5.360701077531975,"(0.4750891084738144, 0.0)",173
19,0.264592450079395,5.044483457880158,"(0.5408506228508629, 0.0)",219
20,0.3191649329246322,4.6701468237268,"(0.5792765142375068, 0.0)",277
21,0.33947593109591956,4.530824764415395,"(0.5917051395544582, 0.0)",350
22,0.39561917738111574,4.145713573772955,"(0.6298749359080401, 0.0)",443
23,0.4658045581286967,3.6642812139822296,"(0.6896466374694027, 0.0)",560
24,0.5018591060860715,3.4169672303659886,"(0.711571095624914, 0.0)",708
25,0.5444126247307439,3.125073951733182,"(0.7403763354220488, 0.0)",896
26,0.6324502184447955,2.5211854205234423,"(0.7954922523346482, 0.0)",1133
27,0.6295684071571668,2.540953030158053,"(0.7992878664480421, 0.0)",1433
28,0.6805592444132229,2.191184476558889,"(0.8253312424603145, 0.0)",1813
29,0.6792572873478054,2.2001151720352645,"(0.8242192760681977, 0.0)",2293
30,0.7039870170303636,2.0304830920886006,"(0.841295669010087, 0.0)",2900
31,0.7068215668762508,2.0110396694453896,"(0.8414814763673751, 0.0)",3668
32,0.7202798721754464,1.918723241010268,"(0.8506692516370399, 0.0)",4638
33,0.7312047467626794,1.8437847267936789,"(0.8552439719401402, 0.0)",5866
34,0.7432572261565846,1.7611114758383966,"(0.8637405778045573, 0.0)",7419
35,0.7361879544394123,1.8096027161586585,"(0.8610546406087995, 0.0)",9383
36,0.7426288512665202,1.7654217752616472,"(0.8628816284790233, 0.0)",11867
37,0.7460797985450637,1.7417502118373818,"(0.8641222491070157, 0.0)",15008
38,0.7465935630346421,1.7382260755007286,"(0.8654751109206319, 0.0)",18980
39,0.7499768359630854,1.7150187201739182,"(0.8677479290959168, 0.0)",24004
40,0.7459198488999117,1.7428473767211936,"(0.8645086770593002, 0.0)",30358
41,0.7508409846137467,1.7090911449486152,"(0.866932152479676, 0.0)",38393
42,0.7512540605404414,1.7062576756984216,"(0.8677487429051783, 0.0)",48555
43,0.7527065675195259,1.6962942922258994,"(0.8676859779592748, 0.0)",61407
44,0.7651833506129798,1.6107105557939279,"(0.87482753998211, 0.0)",77660
45,0.7588000453330214,1.6544964509684146,"(0.8721355056268401, 0.0)",98216
46,0.7640139966841228,1.6187316681025559,"(0.8749309709703029, 0.0)",124212
47,0.7556064487839853,1.6764027326818594,"(0.8711985466330814, 0.0)",157089
48,0.7629881397881121,1.625768471222999,"(0.8741081727221934, 0.0)",198668
49,0.7634874279752629,1.6223436342043018,"(0.8747942895778906, 0.0)",210956
