,r2,mse,rho,train size
0,0.0151302176649033,6.788103475337896,"(0.12819747730093226, 4.2245738483117576e-98)",2
1,0.01332352765659961,6.800555881680536,"(0.14395860017120454, 1.8506895641544715e-123)",3
2,0.016984788455369215,6.7753210561248975,"(0.14264049341098062, 3.1961165695959775e-121)",4
3,0.004305669002652168,6.862710451520043,"(0.07557864240378921, 4.336503173690897e-35)",5
4,0.011437164189834537,6.813557428315604,"(0.15821028393603825, 5.087769857848539e-149)",6
5,0.003746187251877253,6.866566616147025,"(0.08636714590730436, 2.4886938661076425e-45)",8
6,0.007301772823130603,6.842060145133302,"(0.1033475857514619, 3.121274875584879e-64)",10
7,0.019869776700917496,6.755436601258708,"(0.14967170755731737, 2.1023195504804566e-133)",13
8,0.02433001675020907,6.7246949016731525,"(0.16340249106487995, 5.840418513136394e-159)",16
9,0.01847349998333714,6.7650602804588855,"(0.14800645112335098, 1.8321369098528384e-130)",20
10,0.022127933420240664,6.739872511721966,"(0.17590603926243, 2.7484148082922936e-184)",26
11,0.005257791191691563,6.856148057124065,"(0.09763924995160783, 1.6984101992519318e-57)",33
12,0.01002620364561102,6.823282314128528,"(0.115318482928074, 1.2759708148204128e-79)",42
13,0.018065992520395202,6.7678689795123415,"(0.14794687094728884, 2.330884143653401e-130)",53
14,0.02466975708381014,6.722353279886603,"(0.16574270397895666, 1.4993639977538474e-163)",67
15,0.03324899744586751,6.663221836966948,"(0.1936906853825368, 9.698959172906089e-224)",85
16,0.0351024159169776,6.650447359984653,"(0.299429022434513, 0.0)",108
17,0.13157502713476976,5.985520809055505,"(0.39075838705286703, 0.0)",136
18,0.17196631145887642,5.707128454643172,"(0.4328079051327865, 0.0)",173
19,0.20267280417458255,5.495487429953877,"(0.4519477747531339, 0.0)",219
20,0.2772634718653042,4.981379697479163,"(0.5383457882204301, 0.0)",277
21,0.346182792439204,4.5063610829407,"(0.5900343331338491, 0.0)",350
22,0.411696132322139,4.054817804715688,"(0.6608868114912306, 0.0)",443
23,0.4328446114432043,3.9090543066424273,"(0.6644506139406249, 0.0)",560
24,0.5252153216090956,3.2723996443277135,"(0.7285523557925833, 0.0)",708
25,0.5625986705263871,3.0147391441714664,"(0.758062023690777, 0.0)",896
26,0.5950716199788617,2.790923016408685,"(0.7725127798003011, 0.0)",1133
27,0.6420381887345978,2.4672112584546433,"(0.8042976393636143, 0.0)",1433
28,0.6696211128654952,2.2770990766096526,"(0.8196308895482438, 0.0)",1813
29,0.6869297659634064,2.1578011446853163,"(0.8302659992337202, 0.0)",2293
30,0.6922312757312827,2.1212610888065226,"(0.833919214690064, 0.0)",2900
31,0.7029425982148275,2.047434511242509,"(0.8392624587751341, 0.0)",3668
32,0.7061442693680902,2.02536735528731,"(0.8421123913879615, 0.0)",4638
33,0.7263285011827068,1.8862498226090596,"(0.8527155218107333, 0.0)",5866
34,0.7224115224845886,1.913247154835538,"(0.8500801787141429, 0.0)",7419
35,0.7299607204104587,1.8612151627937956,"(0.8567567055806613, 0.0)",9383
36,0.7310642745015361,1.853609041156979,"(0.8555192056835244, 0.0)",11867
37,0.7363470159705088,1.8171983436535761,"(0.8591376024169747, 0.0)",15008
38,0.7409464518737015,1.7854972524036945,"(0.8619962471996836, 0.0)",18980
39,0.7484602305435777,1.7337093835739936,"(0.8653531779186495, 0.0)",24004
40,0.7446283750395501,1.7601200138221982,"(0.8629355877268265, 0.0)",30358
41,0.7467133003496287,1.7457499021617424,"(0.8659343800918795, 0.0)",38393
42,0.7457680795872202,1.7522647292559936,"(0.8638902191397445, 0.0)",48555
43,0.7437611780715507,1.766097070746741,"(0.8632320007014997, 0.0)",61407
44,0.74450213339262,1.7609901200815528,"(0.8644725363093317, 0.0)",77660
45,0.740998747814126,1.7851368085548633,"(0.8627394097254196, 0.0)",98216
46,0.7546942410994928,1.6907421715842332,"(0.8700950663386929, 0.0)",124212
47,0.7473851701656636,1.7411191155186712,"(0.8652907531336823, 0.0)",157089
48,0.7551146213768585,1.6878447481147225,"(0.8700199561079154, 0.0)",198668
49,0.7627288128870994,1.6353647951507804,"(0.8735515187359402, 0.0)",210956
