,r2,mse,rho,train size
0,-0.00905136697104969,6.65814617859353,"(0.007379108099615202, 0.22578778768237603)",2
1,-0.04059397222422745,6.866277581516803,"(-0.08493380018484568, 2.480640426409058e-44)",3
2,0.00947278621808545,6.535916008946023,"(0.10936634649485788, 1.739396230362449e-72)",4
3,0.008519267601782343,6.542207726631728,"(0.13403509571898067, 3.0671354566849913e-108)",5
4,0.003707978711526172,6.573954638421688,"(0.06553742218892004, 4.801081090925143e-27)",6
5,0.009911527195373804,6.533021011072829,"(0.11522944318712808, 2.597647443664101e-80)",8
6,0.006880637359121811,6.5530200995647805,"(0.1510668780008618, 2.704177000919976e-137)",10
7,0.018095183658503045,6.479021796770719,"(0.13799778649588368, 1.116623819241841e-114)",13
8,0.011860351882274633,6.520161844466884,"(0.1591904890691828, 1.988178402337036e-152)",16
9,0.01597950209450949,6.492981955372663,"(0.14740141129134077, 9.765096769829628e-131)",20
10,0.022678903435086606,6.448776481900561,"(0.1710918893355169, 4.189366339885849e-176)",26
11,0.007309386133123819,6.55019103446003,"(0.11614758319201016, 1.416830172292856e-81)",33
12,0.0158363548379038,6.493926501300395,"(0.19623601426103573, 4.223141453049928e-232)",42
13,0.015957305457156123,6.493128418140575,"(0.1866322392653718, 9.560914950438573e-210)",53
14,0.08932727327196666,6.009002449116714,"(0.29934942367143724, 0.0)",67
15,0.010435261247579208,6.529565193071454,"(0.18994246930218703, 2.577400177305794e-217)",85
16,0.10906811023799146,5.878744087144398,"(0.3814132364725261, 0.0)",108
17,0.16038818535768706,5.540112602932615,"(0.4068629286773342, 0.0)",136
18,0.05251140644146124,6.25192905431517,"(0.36674642948203945, 0.0)",173
19,0.25396797075948374,4.922633740149953,"(0.5145406817726698, 0.0)",219
20,0.2605180716029871,4.8794134142794405,"(0.5174936218762081, 0.0)",277
21,0.372438852544806,4.140912933208931,"(0.6239927007243811, 0.0)",350
22,0.42318988845091,3.8060362095469693,"(0.6542887333432577, 0.0)",443
23,0.4521411286643916,3.6150037252725915,"(0.6728619539355003, 0.0)",560
24,0.5420204025346833,3.021942397135654,"(0.741778392317791, 0.0)",708
25,0.5919506217982993,2.6924817676096255,"(0.7704886289370315, 0.0)",896
26,0.6271599429182669,2.4601558280794213,"(0.7921217093097339, 0.0)",1133
27,0.6498128028827324,2.310682711106827,"(0.8069132294585972, 0.0)",1433
28,0.6742693678988092,2.1493079880418233,"(0.8272871268524089, 0.0)",1813
29,0.6924197449590386,2.029544150818792,"(0.8338226783216729, 0.0)",2293
30,0.7025726541651118,1.962550976987669,"(0.8389197554120355, 0.0)",2900
31,0.7084112680635205,1.924025341833272,"(0.8417125346089195, 0.0)",3668
32,0.7240688645243792,1.8207099215739808,"(0.8521061619272878, 0.0)",4638
33,0.72336121470635,1.8253792933085813,"(0.8525519735119587, 0.0)",5866
34,0.727056629035432,1.800995392152632,"(0.8545993904694458, 0.0)",7419
35,0.7293503836039985,1.7858602328185966,"(0.854218811337512, 0.0)",9383
36,0.7281176201254707,1.793994525791519,"(0.8542431827404309, 0.0)",11867
37,0.7316000504026647,1.7710159831709196,"(0.8554211749469196, 0.0)",15008
38,0.7311464682421848,1.7740089094255498,"(0.8571660061372554, 0.0)",18980
39,0.7394408278257691,1.7192792292794368,"(0.8622290203737792, 0.0)",24004
40,0.7519929389214741,1.6364551102496803,"(0.8674502830458908, 0.0)",30358
41,0.7558616953796584,1.6109274246717982,"(0.8695717339179071, 0.0)",38393
42,0.7491455495046595,1.6552433856389113,"(0.866852645485287, 0.0)",48555
43,0.7560480333907824,1.6096978879432404,"(0.8695959160917167, 0.0)",61407
44,0.7478419455988542,1.66384511360633,"(0.8668790439506011, 0.0)",77660
45,0.7480992027266168,1.6621476226577074,"(0.8658789912661842, 0.0)",98216
46,0.758053077494453,1.5964677619320748,"(0.8718678063696846, 0.0)",124212
47,0.7529033810433527,1.6304476294285473,"(0.8707081733263404, 0.0)",157089
48,0.7490272292338565,1.6560241126511164,"(0.8660680229433733, 0.0)",198668
49,0.7553551093306635,1.6142700929210558,"(0.8702565690302171, 0.0)",210956
