,r2,mse,rho,train size
0,0.020740956961533663,6.812235106959067,"(0.18169660389903483, 1.63499155135936e-195)",2
1,-0.010524631172442733,7.029734795769835,"(0.10131286337928107, 2.003243843972421e-61)",3
2,-0.013007804253066801,7.0470090389404625,"(-0.042270173655329826, 5.789035605111534e-12)",4
3,0.019368207435191853,6.821784666478468,"(0.15111324458601122, 3.619543751969756e-135)",5
4,0.013505758735186557,6.8625669080424645,"(0.13405578872505108, 1.5481763287706365e-106)",6
5,0.02075342368337696,6.812148381959371,"(0.16171066777014526, 9.333715964459243e-155)",8
6,0.011045245304824869,6.879683518903106,"(0.15272201652304904, 4.724046124143237e-138)",10
7,0.023206818735131862,6.795081290241795,"(0.16135761466289342, 4.41633451213826e-154)",13
8,0.008758546250206889,6.895590986584573,"(0.10995124376704893, 4.406158237511346e-72)",16
9,0.004433744562616693,6.925676555971223,"(0.0848434763952578, 1.5107592987187732e-43)",20
10,0.01061785954003891,6.882656636518702,"(0.10777513818926895, 2.5841645225166883e-69)",26
11,0.015262489403970902,6.850346176030399,"(0.13521749862571053, 2.2512941544846464e-108)",33
12,0.010100009495276785,6.886259070706211,"(0.12390808726468241, 3.511761212643346e-91)",42
13,0.030082009392049525,6.747253889011197,"(0.21525040609645152, 2.060966201917217e-275)",53
14,0.043220412999961155,6.655856321693866,"(0.23405355616416926, 0.0)",67
15,0.011801094945656065,6.874425435768253,"(0.12401144589417326, 2.485311523663911e-91)",85
16,0.011447716222102833,6.876883721922214,"(0.1619215359153428, 3.682588491384648e-155)",108
17,0.13903934479722146,5.989290007355554,"(0.37513947636578493, 0.0)",136
18,0.13621501689959248,6.008937500829899,"(0.3798801963392117, 0.0)",173
19,0.20474138495545025,5.532232451700038,"(0.4797794765607929, 0.0)",219
20,0.2614656201530525,5.137629175707283,"(0.5153273149381525, 0.0)",277
21,0.29410116988207324,4.910599321676912,"(0.542455314316039, 0.0)",350
22,0.35887010917138307,4.460032900867454,"(0.6045591185219047, 0.0)",443
23,0.38622095865885964,4.269766169701386,"(0.6258136513418361, 0.0)",560
24,0.44150686540651807,3.8851686543209025,"(0.6695756933057433, 0.0)",708
25,0.5076482346111408,3.425054897372555,"(0.7136893852515296, 0.0)",896
26,0.5907159501612125,2.8471926737373536,"(0.7688711199403921, 0.0)",1133
27,0.6269973696251744,2.5948002540198662,"(0.792433538408392, 0.0)",1433
28,0.6544436115610458,2.4038699233797733,"(0.8095654721749199, 0.0)",1813
29,0.6894749739481661,2.1601735507042825,"(0.8307250877056169, 0.0)",2293
30,0.68242516411652,2.2092156937142797,"(0.8265335318713903, 0.0)",2900
31,0.7025459556424525,2.0692450052767586,"(0.8399993953576685, 0.0)",3668
32,0.7028966953332763,2.0668050776067317,"(0.8405064745975278, 0.0)",4638
33,0.7218760608049588,1.934774742331161,"(0.850331358282946, 0.0)",5866
34,0.718738378421216,1.9566020925516892,"(0.8478831679400805, 0.0)",7419
35,0.7327078709224529,1.8594230387355997,"(0.8566930767121523, 0.0)",9383
36,0.7233290363761401,1.924667088727225,"(0.8515363635572115, 0.0)",11867
37,0.7257759757636141,1.907644905967258,"(0.8524309740941688, 0.0)",15008
38,0.7378764812292546,1.8234674978228138,"(0.8592246920145675, 0.0)",18980
39,0.743794387192892,1.7822994666958458,"(0.862685173809557, 0.0)",24004
40,0.7362266461806332,1.8349446083165175,"(0.8608063739284989, 0.0)",30358
41,0.748457211710577,1.7498624347350233,"(0.8653080985166638, 0.0)",38393
42,0.7492540753286738,1.7443190370475077,"(0.8656296371049185, 0.0)",48555
43,0.7441304572363441,1.7799615887209865,"(0.8628144861567938, 0.0)",61407
44,0.7448487238615058,1.7749649525858722,"(0.8630878104595784, 0.0)",77660
45,0.752575808096811,1.7212113366490227,"(0.8679793412318949, 0.0)",98216
46,0.7551404286677509,1.7033705023839874,"(0.8695009386626704, 0.0)",124212
47,0.7517932266445475,1.7266553801644373,"(0.867365853745113, 0.0)",157089
48,0.759322283428529,1.6742793461510217,"(0.8715188399774613, 0.0)",198668
49,0.7580391277119417,1.6832056445420065,"(0.8709595276516265, 0.0)",210956
