,r2,mse,rho,train size
0,-0.11634885295594266,7.34658835992983,"(0.01496726450989756, 0.015536313880487932)",2
1,-0.004105985827916436,6.607928451833474,"(-0.033319740140532184, 7.136028710606936e-08)",3
2,-0.009274992206297572,6.641945203847207,"(-0.051314844551601804, 1.0355500917505655e-16)",4
3,-0.01380005731568179,6.671724238037551,"(-0.020419984834866553, 0.000962434643047056)",5
4,-0.009145991697494527,6.641096263452018,"(-0.04164657752415221, 1.6371434768757768e-11)",6
5,-3.280984306375245e-05,6.581123258099427,"(0.09134856008342102, 1.5166787752809057e-49)",8
6,0.00028746574748383935,6.5790155541149105,"(0.01883367185252654, 0.0023285182618688863)",10
7,-0.0016351288073495063,6.591667970731816,"(0.008610399298165717, 0.1639473658182601)",13
8,0.0010561299251174994,6.573957046386663,"(0.07081214866320966, 2.0629072093470562e-30)",16
9,-0.004462251485960023,6.610273003117327,"(-0.01517723673784146, 0.014144281227801085)",20
10,0.03362594435466826,6.359618115559046,"(0.19330835212520658, 1.9869097841708354e-218)",26
11,0.03199201807422858,6.370370833010296,"(0.18485739783873997, 1.334166525491053e-199)",33
12,0.02542501541681974,6.413587668997363,"(0.19047412212300138, 5.162532806775839e-212)",42
13,0.012013435955995688,6.501848030706225,"(0.11968814354453297, 5.467393793413935e-84)",53
14,0.09617366328406507,5.947997372983693,"(0.3182754380890511, 0.0)",67
15,0.009375677365379698,6.519206875575203,"(0.1759902752575163, 8.211096741436176e-181)",85
16,0.010865166546405125,6.509404685291594,"(0.25032734128895084, 0.0)",108
17,0.16322743899436765,5.506722688266392,"(0.42402721857276326, 0.0)",136
18,0.2258943513257743,5.094317544956924,"(0.4916351677587125, 0.0)",173
19,0.25235604988938476,4.920175558662372,"(0.5071156341544645, 0.0)",219
20,0.30386861844776347,4.581176118156827,"(0.5647456022357721, 0.0)",277
21,0.3172060190584459,4.493403920587302,"(0.5634808579331175, 0.0)",350
22,0.4113472240500814,3.8738693737026,"(0.6438962596960887, 0.0)",443
23,0.4192928305842488,3.821580073344623,"(0.6477586292483459, 0.0)",560
24,0.47219354705978,3.47344536002269,"(0.6922771859764032, 0.0)",708
25,0.5825578694754103,2.747147980611837,"(0.7724324524284496, 0.0)",896
26,0.6159494084992105,2.527401356370826,"(0.7889417956982638, 0.0)",1133
27,0.6412439142647167,2.360940557728003,"(0.8028323097855106, 0.0)",1433
28,0.6582896008684046,2.248764473649913,"(0.8113695866077655, 0.0)",1813
29,0.6834830797272577,2.0829685237185767,"(0.8297257621727643, 0.0)",2293
30,0.7036768524787496,1.9500751764048292,"(0.8403728925663875, 0.0)",2900
31,0.7002423637240146,1.9726772286585086,"(0.8381043740869278, 0.0)",3668
32,0.72013745893118,1.8417494505883811,"(0.8494223141263444, 0.0)",4638
33,0.7069739697157855,1.9283771533802212,"(0.8432964698209588, 0.0)",5866
34,0.7210432798012161,1.835788327376432,"(0.8534390848451285, 0.0)",7419
35,0.7307330003202712,1.7720211744942735,"(0.8599984821459907, 0.0)",9383
36,0.7352138087079672,1.742533389688512,"(0.8590574297015744, 0.0)",11867
37,0.7431147716812362,1.6905378844681156,"(0.8622075909211018, 0.0)",15008
38,0.7469113050748464,1.6655532499932122,"(0.8648991552976186, 0.0)",18980
39,0.7493940816056102,1.6492143276994156,"(0.8684478912154046, 0.0)",24004
40,0.7426680008073074,1.6934780421914561,"(0.862336751909554, 0.0)",30358
41,0.7535568317232213,1.6218196548976644,"(0.8695959756471678, 0.0)",38393
42,0.7449277196893667,1.6786070416151642,"(0.8654751813483971, 0.0)",48555
43,0.7484156962741098,1.6556529909084068,"(0.8677812859825909, 0.0)",61407
44,0.7496195924258016,1.6477302618876677,"(0.8664557762138846, 0.0)",77660
45,0.7557024374449937,1.6076996224554458,"(0.871047587356895, 0.0)",98216
46,0.7605875264179311,1.575551304579026,"(0.8730799707293622, 0.0)",124212
47,0.7557887474654674,1.6071316242082316,"(0.8693705576576699, 0.0)",157089
48,0.7609590941248602,1.5731060519293523,"(0.8729515997506357, 0.0)",198668
49,0.749123422901146,1.6509955075541405,"(0.8671134889999775, 0.0)",210956
