,r2,mse,rho,train size
0,-0.007278122343497451,6.810911543269739,"(-0.07560991464962531, 5.080538447629217e-35)",2
1,-0.004382101161684027,6.791329519537428,"(-0.014769940644901721, 0.016017567828002906)",3
2,0.0034318314163619412,6.738494058889952,"(0.05909818853084351, 5.16266836525876e-22)",4
3,0.004250006321288691,6.732961806396059,"(0.06825235974738232, 7.815516842361282e-29)",5
4,-0.008946414256276958,6.822192031145181,"(-0.06679665932029162, 1.1026414296369556e-27)",6
5,-0.0029504297453495365,6.781648988252787,"(0.047536845623622634, 8.78345183300168e-15)",8
6,0.00488659898203081,6.728657358393831,"(0.09602656060322742, 1.6532754730143556e-55)",10
7,0.0021377490797180876,6.747244254222382,"(0.12131096945149968, 1.011522062112377e-87)",13
8,0.01741651237782027,6.643933854635997,"(0.148897997195595, 1.171009272274936e-131)",16
9,0.006550271168933697,6.717408107714553,"(0.10326881952574035, 5.885832737312188e-64)",20
10,0.005154247143571156,6.726847602068806,"(0.0838636348834488, 1.0303973658542839e-42)",26
11,-0.005916840694925263,6.8017069664123255,"(0.017648548635280772, 0.004002139904889281)",33
12,0.05848623048724322,6.36623277988267,"(0.26802383587006234, 0.0)",42
13,0.026456329247263266,6.5828093333152236,"(0.16695183047783377, 1.7800599677200673e-165)",53
14,0.014473238029350188,6.663835390061353,"(0.17014651368814518, 6.958937146847262e-172)",67
15,0.05893604157613097,6.363191292661178,"(0.24412063723653063, 0.0)",85
16,0.10660380569191585,6.040876216361582,"(0.33204741072700017, 0.0)",108
17,0.054740242480522006,6.3915620235046475,"(0.32298047434941446, 0.0)",136
18,0.15841965113533407,5.690513062405867,"(0.4029498625810997, 0.0)",173
19,0.1416079389293078,5.804188801197607,"(0.43015647809862967, 0.0)",219
20,0.028230011715824288,6.570816226216747,"(0.3966102730736285, 0.0)",277
21,0.3573679652542594,4.345284431812658,"(0.605004458043758, 0.0)",350
22,0.45379077643508126,3.693302399106477,"(0.6759258945420683, 0.0)",443
23,0.5083989579743742,3.324058308767637,"(0.7167905459738555, 0.0)",560
24,0.5769794712717289,2.860337515771966,"(0.7602566968570145, 0.0)",708
25,0.5945076131860896,2.741817494887527,"(0.771141825402115, 0.0)",896
26,0.618521031565425,2.5794459861599632,"(0.7905821891135911, 0.0)",1133
27,0.6728507880926555,2.2120845219663026,"(0.8214030116082327, 0.0)",1433
28,0.6969692970285678,2.0490024225200476,"(0.8351472789298274, 0.0)",1813
29,0.7146053380276016,1.9297528204951002,"(0.8459843112972615, 0.0)",2293
30,0.7151123414450828,1.9263246159585363,"(0.849200198352709, 0.0)",2900
31,0.7321717083184702,1.8109743108327743,"(0.8558907666952963, 0.0)",3668
32,0.7387144089703259,1.7667345379186097,"(0.8608577831365102, 0.0)",4638
33,0.7495320416897479,1.6935889608180694,"(0.8671683815212212, 0.0)",5866
34,0.7476660631383908,1.7062061462537694,"(0.8664385276931443, 0.0)",7419
35,0.746047950185065,1.7171473391057301,"(0.8642476083272318, 0.0)",9383
36,0.7655731198802284,1.5851240173327004,"(0.8752619763492344, 0.0)",11867
37,0.7593038292819854,1.6275150737415724,"(0.8718895548720463, 0.0)",15008
38,0.7656681881488666,1.5844811943090447,"(0.8750423831942207, 0.0)",18980
39,0.7749601914659314,1.5216514641198728,"(0.8803419165341465, 0.0)",24004
40,0.763863549310092,1.5966836190672105,"(0.8754745439878764, 0.0)",30358
41,0.7800057473765063,1.4875349334107628,"(0.8837729877736367, 0.0)",38393
42,0.7727335219040018,1.5367075336263865,"(0.8792353224421948, 0.0)",48555
43,0.7656588595755816,1.5845442713143525,"(0.8767140665653391, 0.0)",61407
44,0.7753033592639365,1.5193310667391842,"(0.8817374758219095, 0.0)",77660
45,0.7831294403562524,1.4664134614940634,"(0.8861534353560724, 0.0)",98216
46,0.774681265223344,1.5235374794350274,"(0.8809785343361733, 0.0)",124212
47,0.7772211565469234,1.5063634986340049,"(0.8816901396832898, 0.0)",157089
48,0.7775749861590762,1.5039710092745064,"(0.8823814122550978, 0.0)",198668
49,0.7711749256579814,1.5472462924138992,"(0.8784375619979954, 0.0)",210956
