,r2,mse,rho,train size
0,0.0025521663669449968,6.839970538244772,"(0.060719100475890714, 7.317897160330768e-23)",2
1,0.0014412657028787246,6.847588508385078,"(0.06374883423992012, 4.8655455922428865e-25)",3
2,0.001030398351178019,6.850406019723514,"(0.03854221843529652, 4.243660726343221e-10)",4
3,-0.0005687880489495534,6.861372395601231,"(0.03915575909783931, 2.2347409726254936e-10)",5
4,-0.004282456938172086,6.8868387758314205,"(0.025021354181432302, 5.052054575126025e-05)",6
5,-0.0018715357074792216,6.870305951124283,"(0.016987727660666297, 0.005930357199965502)",8
6,-0.0032163859558336227,6.879528223975979,"(-0.0032858275338266264, 0.5945951993719625)",10
7,-0.005391401998084744,6.894443335471103,"(-0.014031439900845332, 0.023043839516434014)",13
8,0.00028607403860214653,6.855510202816854,"(0.027929594887669832, 6.054260784820399e-06)",16
9,0.002439010289357557,6.840746502872518,"(0.05340725942240175, 4.875045246185703e-18)",20
10,-0.0006201539495154229,6.861724635823419,"(0.014240601383213092, 0.021077750954674422)",26
11,0.018093305568983253,6.733397612134423,"(0.1446746114607585, 1.0851507955407181e-122)",33
12,0.0008118196097454122,6.851904917311211,"(0.03700849905037424, 2.0209135507922704e-09)",42
13,0.013871002030880875,6.762351940200839,"(0.1954132087525859, 4.107451707587369e-224)",53
14,0.0025621316484393253,6.839902201606476,"(0.10875287858653732, 7.593443468755962e-70)",67
15,0.054183703075727174,6.4859087236573885,"(0.31024880206639954, 0.0)",85
16,0.1278157489657552,5.9809790345286435,"(0.4002187757001112, 0.0)",108
17,0.16998849268068938,5.691780627553891,"(0.416738257299318, 0.0)",136
18,0.21921836339582046,5.354188170145263,"(0.48821562247366224, 0.0)",173
19,0.2427214887911039,5.1930161470682625,"(0.5210303282165155, 0.0)",219
20,0.30533359879709565,4.763655359127671,"(0.5619894852132662, 0.0)",277
21,0.38162150089316194,4.240513210569395,"(0.6321205223205213, 0.0)",350
22,0.42674227849834745,3.9310987438919307,"(0.6581789883023355, 0.0)",443
23,0.4839057870409039,3.5391015876400167,"(0.698662000308418, 0.0)",560
24,0.5833507122407016,2.857160802760027,"(0.769072113947072, 0.0)",708
25,0.5972145507255789,2.7620899192651502,"(0.7763249790351565, 0.0)",896
26,0.6273693388412582,2.5553043056787277,"(0.7953681087427131, 0.0)",1133
27,0.6720762784117054,2.248727721715295,"(0.8212484424022329, 0.0)",1433
28,0.6818461297804143,2.181731240023017,"(0.8268799283179401, 0.0)",1813
29,0.6930575713333929,2.104849094082302,"(0.8331848693265167, 0.0)",2293
30,0.7022324472789894,2.0419326396634756,"(0.8411618018574343, 0.0)",2900
31,0.7140784562228223,1.9606989656411717,"(0.8451502280598376, 0.0)",3668
32,0.7211936178427113,1.9119069444307724,"(0.8510248614661445, 0.0)",4638
33,0.7245657157229266,1.8887828778129327,"(0.852908914619716, 0.0)",5866
34,0.7370002059789262,1.8035137097008112,"(0.8590088110344222, 0.0)",7419
35,0.7461709911579756,1.7406253075988258,"(0.8653622159419401, 0.0)",9383
36,0.7504540437042574,1.7112543949129806,"(0.8693420696984443, 0.0)",11867
37,0.7503261692690624,1.7121312902651344,"(0.8668822144176134, 0.0)",15008
38,0.7609872868281432,1.6390229756746155,"(0.8724629079300801, 0.0)",18980
39,0.7591901541508179,1.6513467625953295,"(0.8721181889117251, 0.0)",24004
40,0.760908881458046,1.639560638300591,"(0.8732475484927962, 0.0)",30358
41,0.7571147753845918,1.665578614265186,"(0.8702247303338557, 0.0)",38393
42,0.7682350005053379,1.5893219824496576,"(0.8767641863200724, 0.0)",48555
43,0.7555723155341285,1.6761559894199014,"(0.869498894731312, 0.0)",61407
44,0.7673786856317915,1.5951941376732388,"(0.8761899772351008, 0.0)",77660
45,0.7611134285045162,1.638157962667475,"(0.8750775585176077, 0.0)",98216
46,0.754003325562306,1.686915294137601,"(0.8698624127062168, 0.0)",124212
47,0.7699763318521625,1.5773808515874856,"(0.8775931457993585, 0.0)",157089
48,0.7688551586187463,1.5850692655839378,"(0.8779033753729701, 0.0)",198668
49,0.7759184547283555,1.5366329106553254,"(0.8814264403853441, 0.0)",210956
