,r2,mse,rho,train size
0,-0.047820763250734366,7.052052261394068,"(-0.04211675009389755, 6.033280994903301e-12)",2
1,-0.00011097776719548591,6.730955455136845,"(0.02685736480913152, 1.1576476866561381e-05)",3
2,-0.0037847590182020774,6.755680769129148,"(0.02780821769870897, 5.6058565183533305e-06)",4
3,-0.011950521678029347,6.8106380548128085,"(0.023856036050890067, 9.812026919042363e-05)",5
4,-0.008885808618301017,6.7900118967699665,"(0.004075956520143724, 0.5057775145678811)",6
5,0.0027188119408948497,6.711910380244173,"(0.08582761693073605, 9.1541143936475e-45)",8
6,0.004911517273648691,6.697153016062492,"(0.0965386367370011, 3.241494079182268e-56)",10
7,0.017116425178261063,6.6150114405111475,"(0.14928464862783727, 1.1827569278538628e-132)",13
8,0.00783051138338875,6.677507576942994,"(0.1521527263751923, 8.803868444214646e-138)",16
9,0.009320703767863536,6.667478271413444,"(0.09854432202840516, 1.6427655717171983e-58)",20
10,0.0055968329073451395,6.69254069892403,"(0.10934563950936511, 1.0773172230381272e-71)",26
11,0.049763882644015434,6.395287243086508,"(0.22382629155040037, 7.48388597914198e-300)",33
12,0.010292050361673466,6.660940906261199,"(0.1619013999924034, 5.622182878833016e-156)",42
13,0.02947106399507815,6.531862144694041,"(0.21573958235085502, 3.218244106949753e-278)",53
14,0.08050185981441693,6.188414246274802,"(0.2868644446503352, 0.0)",67
15,0.00997705688145123,6.663060878075495,"(0.12769830912737865, 2.6664927980299617e-97)",85
16,0.026863445422043664,6.549411961513638,"(0.19000965145760523, 3.890598789901114e-215)",108
17,0.13332278073252068,5.8329184326073875,"(0.36571231669785004, 0.0)",136
18,0.16177000132940755,5.641462705276427,"(0.4232439846108486, 0.0)",173
19,0.23600027466883666,5.141877484858384,"(0.514677946576737, 0.0)",219
20,0.3325160011449022,4.492306517163444,"(0.595172552819088, 0.0)",277
21,0.36566645146219334,4.269197072947989,"(0.6074735939018641, 0.0)",350
22,0.4575984825887268,3.6504753308924873,"(0.7056003910316554, 0.0)",443
23,0.5292359216418205,3.1683404259612686,"(0.7365351542828594, 0.0)",560
24,0.5502634746843666,3.026820608654703,"(0.7439863501796388, 0.0)",708
25,0.5872050048750388,2.7781964062555486,"(0.7764865785911955, 0.0)",896
26,0.6335057688283701,2.466582608750344,"(0.8023309035127666, 0.0)",1133
27,0.6736490462957359,2.196409979449464,"(0.823078987490995, 0.0)",1433
28,0.6642633599176806,2.259577606173865,"(0.8184318722550481, 0.0)",1813
29,0.7035723116758538,1.9950201628958284,"(0.8401433745756003, 0.0)",2293
30,0.7091916420698262,1.9572008974239425,"(0.8435515782987651, 0.0)",2900
31,0.7089495046493379,1.9588305327619793,"(0.8423759439005387, 0.0)",3668
32,0.7170240192672105,1.904487365430601,"(0.8470023754200237, 0.0)",4638
33,0.7250529202771544,1.850451187193374,"(0.8519268320441336, 0.0)",5866
34,0.7389360096082924,1.7570151006540584,"(0.8597211491088755, 0.0)",7419
35,0.7317003907042389,1.8057123248783755,"(0.8556566454992196, 0.0)",9383
36,0.7500051849500355,1.6825172421096877,"(0.866295108835169, 0.0)",11867
37,0.7399341791886017,1.750297211208694,"(0.8638907809155612, 0.0)",15008
38,0.7502715667526527,1.680724437023718,"(0.866375483720012, 0.0)",18980
39,0.7480652330651745,1.6955735228749096,"(0.8651621532617182, 0.0)",24004
40,0.7351549308394771,1.782462549318283,"(0.8610133361733826, 0.0)",30358
41,0.7532245652331794,1.6608501413971597,"(0.8682212686393485, 0.0)",38393
42,0.7485404687023194,1.6923750879257626,"(0.8660250034021764, 0.0)",48555
43,0.7562830110367766,1.6402661632951259,"(0.8696489747020111, 0.0)",61407
44,0.7544250559234912,1.6527705886870838,"(0.8688358292463296, 0.0)",77660
45,0.7559588236845906,1.6424480117851352,"(0.8700934887088907, 0.0)",98216
46,0.7611193170218666,1.607716815396027,"(0.8744615679374782, 0.0)",124212
47,0.7471582069449729,1.7016779978256311,"(0.8674363499325245, 0.0)",157089
48,0.7640025170381176,1.5883122779906265,"(0.874149797614399, 0.0)",198668
49,0.758198059261258,1.6273774893579578,"(0.8707687355656573, 0.0)",210956
