,r2,mse,rho,train size
0,-0.0010296649656309498,6.722451061055302,"(0.006245945038034283, 0.3047167322977418)",2
1,-0.0005062528382169251,6.7189360679092935,"(0.01106282255564576, 0.06907223072379305)",3
2,-0.003711142405164347,6.740458620161161,"(-0.004421355204392564, 0.4675078084959541)",4
3,0.001473379707682132,6.705641773669637,"(0.04189201315740714, 5.702049897767673e-12)",5
4,-0.001802473453575315,6.727640884515679,"(0.008098797439175895, 0.18323783053799136)",6
5,-0.0002647279663263724,6.717314098862684,"(0.060546959104921666, 2.3158128000691356e-23)",8
6,-0.0008262905862381764,6.721085293026252,"(0.00432005444788365, 0.4777701465053832)",10
7,0.006215177374326197,6.673798059271287,"(0.09789665338649953, 1.6874777466030154e-58)",13
8,0.016757462802152623,6.603000958705169,"(0.1659220667346356, 5.965486380206496e-166)",16
9,-0.0028769523918048545,6.734856586838179,"(0.006813257269711185, 0.26288543593824987)",20
10,0.021344833944291874,6.572194301239142,"(0.17007923443232642, 2.1707586024080277e-174)",26
11,0.010102654429118174,6.6476915659610105,"(0.11098334544485586, 9.27113781266193e-75)",33
12,0.0049644053503631325,6.682197664211984,"(0.0858237952746746, 2.516384349114671e-45)",42
13,0.032635339877245984,6.496372498704004,"(0.20745427279435816, 2.6490188018015794e-260)",53
14,0.06376789531227045,6.287300692300816,"(0.26308373038900995, 0.0)",67
15,0.08246137951347154,6.1617639204135415,"(0.2912135041221132, 0.0)",85
16,0.018666872389342504,6.59017824929442,"(0.26595869226474844, 0.0)",108
17,0.10539917235830498,6.00772433972508,"(0.3710279257042842, 0.0)",136
18,0.20297512920733618,5.352449458659715,"(0.4582628035987155, 0.0)",173
19,0.04112157306240316,6.439382891625895,"(0.29347717567320303, 0.0)",219
20,0.3077787441195504,4.64863697744495,"(0.5662957667639358, 0.0)",277
21,0.3238925592461498,4.540424066892318,"(0.5768451173391573, 0.0)",350
22,0.3916996247004694,4.085063256854697,"(0.6287156011308226, 0.0)",443
23,0.4611706430559911,3.6185281106932665,"(0.6907455754207723, 0.0)",560
24,0.5159890347537182,3.250393210868512,"(0.7204321960607191, 0.0)",708
25,0.5750540629079295,2.8537398697308425,"(0.7584540133600788, 0.0)",896
26,0.6002437710178071,2.6845774703161016,"(0.7758571298291794, 0.0)",1133
27,0.635549146734492,2.4474829378021896,"(0.7982145050984162, 0.0)",1433
28,0.6547076867760049,2.3188230665337786,"(0.8158070883102595, 0.0)",1813
29,0.6848561643955415,2.1163598704309794,"(0.8300874808664651, 0.0)",2293
30,0.693312760026138,2.0595692954266203,"(0.8329218014439392, 0.0)",2900
31,0.7097713194172355,1.9490412422485721,"(0.8425583551513693, 0.0)",3668
32,0.7212308007622863,1.8720846791982402,"(0.8498256663614737, 0.0)",4638
33,0.7223841600347829,1.864339253126937,"(0.8516624316128353, 0.0)",5866
34,0.7257761927896776,1.841559934001505,"(0.8521404048208572, 0.0)",7419
35,0.7376253736166503,1.7619863299308867,"(0.8590315015863893, 0.0)",9383
36,0.7410233474622347,1.7391671131952153,"(0.8609907223458333, 0.0)",11867
37,0.7440960800579339,1.718532065882201,"(0.8630523264179977, 0.0)",15008
38,0.7467691139030761,1.7005812100410502,"(0.8672842580695457, 0.0)",18980
39,0.7477335257374256,1.6941046673510403,"(0.8662656337829632, 0.0)",24004
40,0.7410567574903006,1.7389427469386673,"(0.8633787855611625, 0.0)",30358
41,0.7523785457732135,1.6629108666465644,"(0.8692305866448554, 0.0)",38393
42,0.7544383006178168,1.6490785082008306,"(0.8696842904642725, 0.0)",48555
43,0.752571797877234,1.6616130751253029,"(0.8679796573132526, 0.0)",61407
44,0.7597099355575548,1.613676652357373,"(0.8725512497065901, 0.0)",77660
45,0.7528248913786286,1.6599134165272187,"(0.8676557955060088, 0.0)",98216
46,0.754509643044788,1.648599405542163,"(0.8699462004081407, 0.0)",124212
47,0.7528646768764391,1.659646235572117,"(0.8688677495237298, 0.0)",157089
48,0.7397251039680143,1.7478855145180474,"(0.8611044529166606, 0.0)",198668
49,0.7518688842292364,1.6663335172502365,"(0.8692982723406897, 0.0)",210956
