,r2,mse,rho,train size
0,0.0008922411009242293,6.813562604483028,"(0.05166884911142331, 5.874085373895915e-17)",2
1,0.015550774189685312,6.713596577795161,"(0.12758305581585175, 1.7478023631154393e-95)",3
2,0.011466838579400784,6.741447578556094,"(0.13744281809009057, 1.2069525097013206e-110)",4
3,0.017071468502075637,6.703225978820763,"(0.13315549228705492, 6.56241359475167e-104)",5
4,0.010806352807525843,6.745951858615933,"(0.1147804382858144, 1.5862734443468166e-77)",6
5,0.01041129783218131,6.748645994241191,"(0.10453338965583239, 1.5094564683743477e-64)",8
6,0.006048970201851245,6.778395530410616,"(0.09264899819732726, 4.9062128166110886e-51)",10
7,0.0031528864106150634,6.798145800632879,"(0.1152249198912271, 4.0685555998266667e-78)",13
8,-0.0002015755250885931,6.821022048164433,"(0.0460427098453592, 8.949326128004497e-14)",16
9,0.004211344304468678,6.790927491036396,"(0.06821402219663164, 2.127225454039073e-28)",20
10,0.0036041205343280147,6.795068543025966,"(0.06465028922629974, 1.1370502894396422e-25)",26
11,0.0023913726286062253,6.803339056096745,"(0.05201541311550994, 3.6406974361772613e-17)",33
12,0.01284802073697644,6.732028403281941,"(0.13795964338506198, 1.7982718926611658e-111)",42
13,0.013518589625829525,6.727455359919878,"(0.12100402077662856, 5.170421326091059e-86)",53
14,0.007473319411642976,6.768681971062167,"(0.13290298043206214, 1.6102279640252416e-103)",67
15,0.011356029046066585,6.742203260499129,"(0.12699477628835318, 1.2892323528553632e-94)",85
16,0.01767998355645073,6.699076120728054,"(0.13335192581099234, 3.2605034150712123e-104)",108
17,0.10936740202456463,6.0738002581281,"(0.3401277059328778, 0.0)",136
18,0.16699201812505193,5.680820696251199,"(0.4185484734282882, 0.0)",173
19,0.14281839246727368,5.8456762989922915,"(0.39818994142661523, 0.0)",219
20,0.23866516689675765,5.192035095432165,"(0.49159285125725527, 0.0)",277
21,0.2988592854496699,4.781532432902677,"(0.5543567648318177, 0.0)",350
22,0.3705590856617712,4.292565078658131,"(0.6101014999466425, 0.0)",443
23,0.43372003388251423,3.8618296839748285,"(0.6659802298302815, 0.0)",560
24,0.4963801727882965,3.434509632221255,"(0.7051684444187302, 0.0)",708
25,0.559143834258609,3.0064835930823155,"(0.7513525206741508, 0.0)",896
26,0.6079001131878145,2.6739829635087493,"(0.7797095320589944, 0.0)",1133
27,0.6674282015387694,2.2680223920971527,"(0.8173198257703906, 0.0)",1433
28,0.6948928095746141,2.0807234500230596,"(0.834435824183441, 0.0)",1813
29,0.7105186738749363,1.974160565578323,"(0.8444448783650655, 0.0)",2293
30,0.7272160173943847,1.8602905706904012,"(0.8529859003089633, 0.0)",2900
31,0.7264222709682988,1.8657036414208095,"(0.8575347237456876, 0.0)",3668
32,0.7371783913049179,1.7923506936109923,"(0.8593749963080681, 0.0)",4638
33,0.7493294269052437,1.709484915585857,"(0.8657475117234681, 0.0)",5866
34,0.7431672089278872,1.7515090692341622,"(0.8637173729609589, 0.0)",7419
35,0.7486718587654773,1.7139692984235486,"(0.8674108225190187, 0.0)",9383
36,0.758322540755864,1.6481550503289149,"(0.8714673300675914, 0.0)",11867
37,0.7701796404354484,1.5672938116338362,"(0.8777784312184675, 0.0)",15008
38,0.7706367199409889,1.5641766905840924,"(0.8783757194598912, 0.0)",18980
39,0.7769369040029986,1.5212116568888578,"(0.8817211733017887, 0.0)",24004
40,0.7740770235429753,1.5407150331584796,"(0.8805315311851392, 0.0)",30358
41,0.7760058404796706,1.5275611818009016,"(0.8811362342212926, 0.0)",38393
42,0.7687869214111178,1.5767916642710609,"(0.8769443290118246, 0.0)",48555
43,0.7742201919090611,1.5397386753866387,"(0.8806594908368136, 0.0)",61407
44,0.7784789739982475,1.5106952832949814,"(0.8823991919088041, 0.0)",77660
45,0.7774332989643179,1.5178264182943486,"(0.8818384966403027, 0.0)",98216
46,0.7853935350534968,1.463540415151053,"(0.8869275086382661, 0.0)",124212
47,0.7725308793568805,1.5512591912972598,"(0.8797361989137161, 0.0)",157089
48,0.7833285951295204,1.477622577281406,"(0.8855942705256115, 0.0)",198668
49,0.7759163706245765,1.5281713346632608,"(0.8816845389259298, 0.0)",210956
