,r2,mse,rho,train size
0,-0.0018232333195147277,6.661925669778627,"(-0.007200048279941782, 0.24069211911832217)",2
1,-0.011715158465721354,6.72770500875112,"(-0.01331227065824294, 0.03005821975978865)",3
2,0.0034509506212909713,6.626853393339235,"(0.07884590042644657, 6.82092892419535e-38)",4
3,0.006208324848561042,6.608517401983784,"(0.09373998598305697, 6.700171038003473e-53)",5
4,0.0012028271272377378,6.641802968389756,"(0.0649773797827791, 3.004592476580357e-26)",6
5,0.008951271191437682,6.590277353196049,"(0.10739557813628084, 5.862624170812571e-69)",8
6,0.007352895330835385,6.600906235439494,"(0.10676092676331535, 3.6594119890142145e-68)",10
7,0.001705331564417878,6.638461413614533,"(0.05108066350510257, 8.152833233577047e-17)",13
8,0.010661800563584012,6.578902672359936,"(0.11460693211193965, 2.4767850623748803e-78)",16
9,0.01368105053513391,6.558825259279487,"(0.12698509103768607, 7.092569123294937e-96)",20
10,0.0024798397880971823,6.633311087643666,"(0.10590402614858208, 4.2622821794880355e-67)",26
11,0.008480968773116437,6.593404770936992,"(0.10145839601058743, 1.0501909864630142e-61)",33
12,0.006635559916932654,6.605676373572431,"(0.09161637208664952, 1.334217187469553e-50)",42
13,0.010753474266037122,6.578293060433096,"(0.10820026621166355, 5.659747621365166e-70)",53
14,0.029560650197218208,6.453229073149805,"(0.18690856592344413, 2.421934648387471e-207)",67
15,0.01746378259691328,6.533670841827257,"(0.1655752823105761, 1.5474607560399144e-162)",85
16,0.023486688884933327,6.493619710377767,"(0.2294091023270574, 3.9877162987e-314)",108
17,0.08395943629267644,6.091487942138773,"(0.2901395481874498, 0.0)",136
18,0.10132123525179593,5.976035424855811,"(0.3332571221866416, 0.0)",173
19,0.1783176029053768,5.464024861423901,"(0.42785040358567494, 0.0)",219
20,0.05115755032885605,6.309613973609868,"(0.3516634170056144, 0.0)",277
21,0.2910715631414893,4.714233404125379,"(0.5597889693748656, 0.0)",350
22,0.3550307930497103,4.288917219220176,"(0.5971492999186682, 0.0)",443
23,0.43315319619886894,3.7694187432268693,"(0.6607491045437884, 0.0)",560
24,0.4711384490975029,3.516824350381785,"(0.7002864127273483, 0.0)",708
25,0.5680727096882139,2.872230755990357,"(0.7541756074083749, 0.0)",896
26,0.5965056720464808,2.6831571993961916,"(0.774205802472975, 0.0)",1133
27,0.6549554685425799,2.2944776532246847,"(0.812141635538122, 0.0)",1433
28,0.6719597928564038,2.1814022713849677,"(0.8224969539219226, 0.0)",1813
29,0.6827671070657351,2.1095357768199077,"(0.8323916061746746, 0.0)",2293
30,0.6969064982467775,2.015511631710083,"(0.8358971584951715, 0.0)",2900
31,0.703034648813603,1.9747606466943637,"(0.8415261861767348, 0.0)",3668
32,0.7085408241109177,1.9381456737774967,"(0.8422795034141997, 0.0)",4638
33,0.7155805433335447,1.8913329381196733,"(0.8479073550426344, 0.0)",5866
34,0.7069741795994796,1.9485635488467192,"(0.8452045100425521, 0.0)",7419
35,0.7206444370931833,1.8576590496487633,"(0.8512938511114356, 0.0)",9383
36,0.7214894004182193,1.8520402112370935,"(0.8502678432493416, 0.0)",11867
37,0.7251487601565065,1.827706195250388,"(0.8534731062516743, 0.0)",15008
38,0.725478505635042,1.8255134532626913,"(0.8581901520810791, 0.0)",18980
39,0.7367243513429154,1.750730811267647,"(0.8602879791134993, 0.0)",24004
40,0.7271892420405752,1.8141373956956455,"(0.8557732366367387, 0.0)",30358
41,0.7271907127300652,1.8141276159024258,"(0.8590449558981694, 0.0)",38393
42,0.7379930414983853,1.7422942735306295,"(0.8630925636926149, 0.0)",48555
43,0.7316384138418639,1.7845512862439332,"(0.86066447172011, 0.0)",61407
44,0.7378392952987071,1.7433166552444912,"(0.8632491515240963, 0.0)",77660
45,0.7369669138553772,1.7491178187011434,"(0.8625112679402791, 0.0)",98216
46,0.7381000855154773,1.7415824520619867,"(0.8616672796942371, 0.0)",124212
47,0.7308121922419694,1.790045495903081,"(0.8616823501361043, 0.0)",157089
48,0.738301450810982,1.740243412811839,"(0.86141834541986, 0.0)",198668
49,0.7429941787430319,1.7090377034291346,"(0.8642655546440804, 0.0)",210956
