,r2,mse,rho,train size
0,-0.00107639970548834,6.701897922268884,"(0.024762618887204255, 5.827683003771782e-05)",2
1,0.006654063313541347,6.650144855209613,"(0.10208854792739815, 5.633164826809056e-62)",3
2,0.0007362928070937524,6.689762504645054,"(0.0418941975819413, 1.0276847307145133e-11)",4
3,0.002621205207594235,6.677143597132811,"(0.06453998363836602, 1.0016654644370279e-25)",5
4,4.489287993025837e-05,6.694391214038939,"(0.01542258614474518, 0.012304395073724207)",6
5,0.004198123792088948,6.6665866132821066,"(0.08154825639678241, 4.073552117834771e-40)",8
6,0.002514489418328214,6.6778580264476615,"(0.055325147133866895, 2.55553179868586e-19)",10
7,0.0033429971467023867,6.6723114225870495,"(0.06400578898966049, 2.5043967324644344e-25)",13
8,0.004694160837013794,6.663265798165769,"(0.10093528078735424, 1.285150452395105e-60)",16
9,0.004048351040905729,6.667589295685031,"(0.07016300685085408, 4.097030748646816e-30)",20
10,0.023356487740282317,6.538327272060754,"(0.1695145194281462, 4.784709661433027e-169)",26
11,0.047983314310712344,6.3734582591932085,"(0.22897848345049412, 1.821231204645e-310)",33
12,0.01511834977865445,6.593479066373996,"(0.13565234805217924, 2.0660196331980186e-108)",42
13,0.022295126302533275,6.545432759730346,"(0.2167594291699114, 1.1737294697316353e-277)",53
14,0.07282241649822818,6.207168126501526,"(0.2711942258015869, 0.0)",67
15,0.09874013232104872,6.033657007995469,"(0.3233641122311325, 0.0)",85
16,0.026212674208627162,6.519205984051723,"(0.2528332454763885, 0.0)",108
17,0.10187467909331249,6.012672183554028,"(0.393327145429388, 0.0)",136
18,0.23639302418520236,5.112113327363221,"(0.5071086992711578, 0.0)",173
19,0.3096718168932264,4.621534397782262,"(0.5672837508632069, 0.0)",219
20,0.3270801532537354,4.5049909518285105,"(0.5821853421252721, 0.0)",277
21,0.36786992680184427,4.231915991043986,"(0.6168246370529833, 0.0)",350
22,0.40221549673985657,4.001982987055057,"(0.6466539293207105, 0.0)",443
23,0.4142847610454179,3.921182982783103,"(0.655011241369382, 0.0)",560
24,0.5040805525090352,3.320027837765646,"(0.7100952184170146, 0.0)",708
25,0.5754475556855431,2.8422477498044203,"(0.7618980548008015, 0.0)",896
26,0.604045953351952,2.6507902926541846,"(0.7815957107719335, 0.0)",1133
27,0.647714161509737,2.3584450994122275,"(0.8049069809917018, 0.0)",1433
28,0.6691595330234046,2.2148749474917384,"(0.8181722759013951, 0.0)",1813
29,0.6957538254250355,2.0368343573398415,"(0.8378811444574983, 0.0)",2293
30,0.6938950402774993,2.0492783509470054,"(0.8340501297223262, 0.0)",2900
31,0.7210002301072824,1.8678174599936577,"(0.8499790056601084, 0.0)",3668
32,0.7248613232523022,1.8419686315386983,"(0.8514135520545143, 0.0)",4638
33,0.7268450487741607,1.8286882006373149,"(0.8549926267115556, 0.0)",5866
34,0.7337011143649887,1.7827889548338696,"(0.8566908622338193, 0.0)",7419
35,0.721947975639428,1.8614725957908906,"(0.8503158937210754, 0.0)",9383
36,0.7374009637760057,1.7580196034759743,"(0.8614935088238862, 0.0)",11867
37,0.7402421868249434,1.7389984909475202,"(0.8635096022187483, 0.0)",15008
38,0.7516345944618805,1.6627298334363738,"(0.8675668224108517, 0.0)",18980
39,0.7569656798221898,1.6270398602133451,"(0.8710470953170322, 0.0)",24004
40,0.7524256902652082,1.6574336908820222,"(0.8717123897362276, 0.0)",30358
41,0.75684933719003,1.6278187382739733,"(0.870140046112572, 0.0)",38393
42,0.7526062784712817,1.6562247085072244,"(0.8686612417766124, 0.0)",48555
43,0.7562935761636896,1.6315393870364496,"(0.8706924994063974, 0.0)",61407
44,0.7600936061910155,1.6060993573322362,"(0.8736494344618531, 0.0)",77660
45,0.7526475692186781,1.6559482796809462,"(0.8684849836296857, 0.0)",98216
46,0.7615701141028189,1.5962145919844166,"(0.8738150052082524, 0.0)",124212
47,0.7644812320907639,1.576725554383862,"(0.8744878115309074, 0.0)",157089
48,0.7597898973766904,1.60813259422834,"(0.8721205160384645, 0.0)",198668
49,0.7615140155893894,1.5965901542399115,"(0.8736440548115483, 0.0)",210956
