,r2,mse,rho,train size
0,-0.008081712814478115,6.921755581605538,"(-0.04033403600204297, 4.664489742664616e-11)",2
1,6.02451480749e-05,6.8658507454636775,"(0.028426537606532548, 3.5284840005901805e-06)",3
2,0.00021044278187654086,6.8648194487970535,"(0.031299191342313674, 3.286419321530055e-07)",4
3,-3.8456439949374754e-05,6.866528456664204,"(0.031743582720161666, 2.2335370566929086e-07)",5
4,0.0010961588542479639,6.8587378880567655,"(0.04316863500160557, 1.865224022522612e-12)",6
5,0.0022694632682169757,6.850681669723395,"(0.06037586432542385, 6.427558809838636e-23)",8
6,0.0008604203250066611,6.8603565311288826,"(0.03286458069256208, 8.241908956322157e-08)",10
7,0.0014433344879981602,6.85635408836061,"(0.03993035274037712, 7.25214407996314e-11)",13
8,-0.0011331764838333758,6.874045093934504,"(0.027630702025918753, 6.559487946305614e-06)",16
9,0.003561240420539291,6.841811986243754,"(0.06319128117583922, 5.905033255271541e-25)",20
10,0.0036534527076662604,6.84117883229899,"(0.07402783043965117, 1.1822804927807409e-33)",26
11,0.020405568569624832,6.726154375454633,"(0.1923632240517582, 3.875500540296773e-220)",33
12,0.03220221454666605,6.64515548508905,"(0.19857704410644517, 9.633744794658553e-235)",42
13,0.01945429724598058,6.732686055883269,"(0.22053672549754474, 2.0978037108460082e-290)",53
14,0.005961015381420243,6.825334496850857,"(0.0907818918628873, 8.392420326891391e-50)",67
15,0.10179388579576254,6.167320669936183,"(0.3266631556615929, 0.0)",85
16,0.008944129795529943,6.804851644534467,"(0.22817724409605442, 2.8299976512026e-311)",108
17,0.1113490613342315,6.101712308256885,"(0.3641274802223492, 0.0)",136
18,0.208926368990608,5.431720714001209,"(0.47003265972180625, 0.0)",173
19,0.26490408997464554,5.047362880959032,"(0.5259098319268976, 0.0)",219
20,0.30059686135689123,4.802286875316326,"(0.5611663378235138, 0.0)",277
21,0.37940217769514606,4.261188736851343,"(0.6211461980997833, 0.0)",350
22,0.4111802319252592,4.042992214244322,"(0.6528334644278886, 0.0)",443
23,0.47468586906505505,3.606945718461203,"(0.6905717157803368, 0.0)",560
24,0.531069048487211,3.219803900577836,"(0.7344258800516441, 0.0)",708
25,0.5796251694206204,2.8864047357883127,"(0.762362596428777, 0.0)",896
26,0.6391640009705775,2.4775953760265894,"(0.8003875004181578, 0.0)",1133
27,0.6511176189068854,2.3955186746845767,"(0.8101162207977828, 0.0)",1433
28,0.6756339732488027,2.2271829035366126,"(0.8268696388701962, 0.0)",1813
29,0.6901137719479911,2.1277607771428992,"(0.8308632554366389, 0.0)",2293
30,0.6838280878176273,2.1709199463456463,"(0.8286954615191596, 0.0)",2900
31,0.7002224062588128,2.058352221195594,"(0.8383325207029106, 0.0)",3668
32,0.7282696697042815,1.8657722945541093,"(0.8535012326660629, 0.0)",4638
33,0.7209947443023377,1.9157238558874474,"(0.8497224964223287, 0.0)",5866
34,0.7257405785250222,1.8831377032941945,"(0.8522975212598479, 0.0)",7419
35,0.7334843177690569,1.8299671421645332,"(0.8567345132594124, 0.0)",9383
36,0.7426371220599368,1.7671215678599823,"(0.8644663420382301, 0.0)",11867
37,0.7417898117646804,1.7729394243799357,"(0.8633848744387561, 0.0)",15008
38,0.7377433586740839,1.8007234412006985,"(0.8615584891090586, 0.0)",18980
39,0.7393107105612774,1.7899615887282114,"(0.861421355416734, 0.0)",24004
40,0.7458798098110246,1.7448564163795224,"(0.8653191711709576, 0.0)",30358
41,0.7510270433240842,1.7095141501267426,"(0.866660166368806, 0.0)",38393
42,0.7564612670179967,1.6722013334107095,"(0.8702865673194845, 0.0)",48555
43,0.7489693817537506,1.723642598523795,"(0.8666150068735274, 0.0)",61407
44,0.7508212412225723,1.7109272417707413,"(0.8669983343579514, 0.0)",77660
45,0.7552150740646598,1.6807580237274442,"(0.8693792854015205, 0.0)",98216
46,0.7592071046828323,1.6533476859918954,"(0.8725401224562723, 0.0)",124212
47,0.7555657306727702,1.678350322740945,"(0.8703501916926131, 0.0)",157089
48,0.7633800172108172,1.6246953652375693,"(0.874113518860123, 0.0)",198668
49,0.7640087830003846,1.620378093077845,"(0.8745777109257248, 0.0)",210956
