,r2,mse,rho,train size
0,-0.01820289064567948,6.793425445603594,"(-0.0023472468517435974, 0.701090399402512)",2
1,0.0010609084417378956,6.664897836713711,"(0.09476026944862907, 2.1324441793601603e-54)",3
2,-0.016394599227585127,6.781360568312822,"(-0.002162739326157986, 0.7235816514017527)",4
3,-0.03437038301237849,6.90129456976792,"(0.005733419012734493, 0.3484492844385553)",5
4,0.0006035929608151358,6.667949034714925,"(0.03604263511291775, 3.7238270361083266e-09)",6
5,-0.0019792096326483044,6.685181432128646,"(-0.00972279438304978, 0.1118304778461613)",8
6,-0.001864059705872112,6.684413154558618,"(0.03376724755168635, 3.3216399001751806e-08)",10
7,0.0010518275506021801,6.664958424203175,"(0.06601989450565622, 3.1508066956209102e-27)",13
8,-0.0036067376866997236,6.696040260558032,"(0.0175238659683357, 0.004157975070214385)",16
9,0.0012634244702384168,6.663546654592939,"(0.05566328136664673, 8.256900724003591e-20)",20
10,0.03058116775850095,6.467939369353495,"(0.18748981583570043, 4.022614404680998e-210)",26
11,0.012109541116598233,6.591181622546486,"(0.14688432046494931, 7.237933304717474e-129)",33
12,0.01397994523614654,6.578702330790358,"(0.18365476272197137, 1.4927376366628044e-201)",42
13,0.036030892957729654,6.43157893256814,"(0.2530547677421333, 0.0)",53
14,0.09910969530466396,6.010718665052967,"(0.31548583159085297, 0.0)",67
15,0.08741062454043658,6.088774586667195,"(0.3452469490547603, 0.0)",85
16,0.1439523524474855,5.711529524184057,"(0.381839197174999, 0.0)",108
17,0.12570093815240346,5.8333025258417495,"(0.3642825489448538, 0.0)",136
18,0.20572357992727064,5.299393365052518,"(0.45897056548845355, 0.0)",173
19,0.2580795388822986,4.950075653364903,"(0.5144733679076332, 0.0)",219
20,0.2949446803336587,4.704112307265353,"(0.549763395293405, 0.0)",277
21,0.3082150863887154,4.615572474000151,"(0.5776600227916947, 0.0)",350
22,0.42103823620484415,3.8628191044551117,"(0.6523317380490027, 0.0)",443
23,0.47162488128939195,3.5253062127885397,"(0.6884929317001692, 0.0)",560
24,0.5277745450294804,3.150676993093326,"(0.7298506725069871, 0.0)",708
25,0.5697753096661706,2.8704488913671944,"(0.7576938726543138, 0.0)",896
26,0.6239952654848091,2.5086946369825265,"(0.790518435258689, 0.0)",1133
27,0.6466358831013879,2.3576369752594166,"(0.8070527457270241, 0.0)",1433
28,0.6732964586699416,2.17975824978556,"(0.8272752554166238, 0.0)",1813
29,0.6958735634841551,2.029124343967756,"(0.8345815286143384, 0.0)",2293
30,0.7097409583019012,1.9366014158906535,"(0.843545509323844, 0.0)",2900
31,0.708951948600994,1.9418656698308205,"(0.8461501638934259, 0.0)",3668
32,0.7220561968270385,1.8544344376449995,"(0.8506260843111997, 0.0)",4638
33,0.7290201292151973,1.8079712465444704,"(0.8565181348013081, 0.0)",5866
34,0.734049978000036,1.7744122151997523,"(0.8575596242552685, 0.0)",7419
35,0.7336625903759072,1.7769968562052394,"(0.860598654788602, 0.0)",9383
36,0.7407478457151324,1.7297242012635816,"(0.8608737624404715, 0.0)",11867
37,0.7464121840525403,1.6919318707296815,"(0.8641353299791014, 0.0)",15008
38,0.751728550106975,1.6564612029834553,"(0.8703868274822258, 0.0)",18980
39,0.7541551979416379,1.6402706664028095,"(0.8686668957425764, 0.0)",24004
40,0.7567187827635503,1.623166489503352,"(0.8725736859085058, 0.0)",30358
41,0.7658314653645468,1.5623668881389694,"(0.8756014058174091, 0.0)",38393
42,0.7586842253274204,1.6100531035093284,"(0.8728185894865745, 0.0)",48555
43,0.7604422039777541,1.5983239118072394,"(0.8724280738377913, 0.0)",61407
44,0.7629475510330337,1.581608295900264,"(0.8744141135175884, 0.0)",77660
45,0.7604974250318847,1.5979554782487508,"(0.8730365054624327, 0.0)",98216
46,0.765783669220391,1.5626857828748744,"(0.8755497573612581, 0.0)",124212
47,0.7656131454190996,1.5638235136173588,"(0.875232525761657, 0.0)",157089
48,0.766765292007159,1.5561364190114644,"(0.8758501717186971, 0.0)",198668
49,0.7608236636803248,1.5957788217532582,"(0.8737190006847052, 0.0)",210956
