,r2,mse,rho,train size
0,-0.003310689644158815,6.847008802977004,"(-0.003906830747211006, 0.5289388549466718)",2
1,-0.004982431561936895,6.858417464068208,"(-0.023557083551043485, 0.0001464677643995594)",3
2,-0.00464109260187251,6.856088025252811,"(-0.03330311853839944, 7.934361839292633e-08)",4
3,-0.0018761890349272559,6.837219175097361,"(0.016452241735468078, 0.008010654714854919)",5
4,-0.003207614864245034,6.846305377873774,"(-0.008665058476660907, 0.1625682501122858)",6
5,-0.005411652699546465,6.861346647359057,"(-0.053236887401582854, 9.025542147557515e-18)",8
6,0.03099290901255214,6.612906800077391,"(0.18594371350325392, 9.37088984864967e-201)",10
7,0.010939284914017744,6.749761058834421,"(0.1407395440540274, 5.127698688538753e-115)",13
8,-0.002278496494018345,6.839964688269235,"(-0.007259045189168171, 0.24204841526890503)",16
9,-0.004406605809019748,6.8544877900002446,"(-0.04268322568461528, 5.903509860559069e-12)",20
10,0.02837013841042213,6.630805675855682,"(0.17983603000239126, 1.0531360234174298e-187)",26
11,-0.0022941097661242082,6.840071239721996,"(0.0033691032136503366, 0.5871533925553499)",33
12,0.016988481872466044,6.708478826667507,"(0.17968016896955302, 2.2358677391253274e-187)",42
13,0.0638742891574623,6.388510606924019,"(0.26812943593713906, 0.0)",53
14,0.009992361376942704,6.756223258291699,"(0.14914407361337617, 4.4550496441137826e-129)",67
15,0.018935881121363463,6.695188965473224,"(0.21022998683995311, 2.6778607595261833e-257)",85
16,0.03521797399285376,6.58407320205848,"(0.22956835290138206, 9.531679620597008e-308)",108
17,0.16883818561701314,5.672193387869763,"(0.41873524522715755, 0.0)",136
18,0.03185750665501719,6.607006426713392,"(0.3110146595775519, 0.0)",173
19,0.1978655104356416,5.474098868782647,"(0.4511736980230601, 0.0)",219
20,0.3275727818432844,4.588922583604982,"(0.5737071818588871, 0.0)",277
21,0.3787456137546017,4.239697927487423,"(0.6180861730702104, 0.0)",350
22,0.42563191548893387,3.9197263334163313,"(0.6626219742920503, 0.0)",443
23,0.44753084528779596,3.770278942238068,"(0.6782954990559049, 0.0)",560
24,0.5189630322823865,3.2827960336872506,"(0.7204772165919946, 0.0)",708
25,0.5511598536709699,3.063071553771965,"(0.7460753929772481, 0.0)",896
26,0.5806052423603452,2.8621239932164837,"(0.7657485059383172, 0.0)",1133
27,0.6457594001483546,2.417484963123747,"(0.8060404962343616, 0.0)",1433
28,0.6791691590822658,2.189482893688045,"(0.8265643806412288, 0.0)",1813
29,0.6837473314055569,2.15823954452146,"(0.8274405576458772, 0.0)",2293
30,0.6965034036308564,2.071186810289142,"(0.8349199877231747, 0.0)",2900
31,0.694834881359765,2.082573499174295,"(0.8351621698275978, 0.0)",3668
32,0.7110296170567968,1.9720538973959165,"(0.844909658819868, 0.0)",4638
33,0.7148190267652523,1.9461933918718661,"(0.8475112178176154, 0.0)",5866
34,0.7275989717509841,1.8589777400084315,"(0.8542673009655717, 0.0)",7419
35,0.730034071585598,1.8423596074839572,"(0.8548618153193646, 0.0)",9383
36,0.7197914494695463,1.9122595143802399,"(0.8511115784085789, 0.0)",11867
37,0.7340032053940055,1.8152725900656548,"(0.8585626216201168, 0.0)",15008
38,0.7392147339094413,1.7797069552224631,"(0.8631192436734318, 0.0)",18980
39,0.7463109915773702,1.7312791459486134,"(0.8662294399478032, 0.0)",24004
40,0.7430217780742142,1.7537261048452315,"(0.8624318968157321, 0.0)",30358
41,0.744243141968858,1.7453910104177714,"(0.8652924613608353, 0.0)",38393
42,0.7316487973674778,1.831340048181896,"(0.856299693105078, 0.0)",48555
43,0.7563071093405456,1.6630614871251723,"(0.8696698949597709, 0.0)",61407
44,0.7560103315753305,1.6650868218414565,"(0.8703832310514054, 0.0)",77660
45,0.7475255241322907,1.7229906714203576,"(0.865331713709164, 0.0)",98216
46,0.7605566795819703,1.6340606550277648,"(0.8729132711685539, 0.0)",124212
47,0.7503486741095073,1.7037243235725308,"(0.8662865399527503, 0.0)",157089
48,0.7493415915402956,1.7105970732480709,"(0.8665148347948677, 0.0)",198668
49,0.7585122828875317,1.6480124670717122,"(0.8714873740739553, 0.0)",210956
