,r2,mse,rho,train size
0,-0.004168835715628427,6.666404411660387,"(0.0608443257568722, 1.140631736978914e-22)",2
1,-0.007621285024356217,6.689324285773324,"(0.039488656920856506, 2.0701694978914332e-10)",3
2,0.005132142274978269,6.604657742670059,"(0.09769744975787104, 6.165236138500154e-56)",4
3,0.006392116107242329,6.5962931183008955,"(0.11058923058509988, 2.989116330303195e-71)",5
4,0.0005267995889010058,6.635231363069057,"(0.05794972646087753, 1.0416933725633076e-20)",6
5,0.0002489377749012034,6.637076012252339,"(0.08303915392943002, 7.522192349109567e-41)",8
6,0.0002487482767160598,6.637077270279368,"(0.07292784044050873, 7.108900507122105e-32)",10
7,0.004363914956246107,6.609757795374946,"(0.08964368159759639, 2.42076913947476e-47)",13
8,0.006386918791275731,6.596327621871267,"(0.08482580310525205, 1.4765779972436843e-42)",16
9,-0.000864473792262288,6.644467649514257,"(0.08887836094850168, 1.4516368574160428e-46)",20
10,-0.0018442764219370744,6.650972293295963,"(0.1409222705813255, 6.083620504724528e-115)",26
11,0.04280984070247984,6.354525726932581,"(0.2098737623605167, 1.3920908299564448e-255)",33
12,-0.004802897393776151,6.670613775084274,"(0.040912800201783256, 4.534787559318353e-11)",42
13,0.008128232111311084,6.584767515257827,"(0.1258186157444611, 7.805839798555456e-92)",53
14,0.0026738102886100235,6.6209779416409535,"(0.23447973690327462, 2.6848e-320)",67
15,0.03358710571326873,6.4157529618684634,"(0.3429522892803713, 0.0)",85
16,0.025157013240933668,6.4717180582242255,"(0.2646014038489716, 0.0)",108
17,0.15187244215449058,5.630488710837871,"(0.390518313956891, 0.0)",136
18,0.16901673044436338,5.516672433111093,"(0.4197956088069303, 0.0)",173
19,0.2563430593444831,4.936936632189738,"(0.5157548720201144, 0.0)",219
20,0.2711847977838846,4.838406358106272,"(0.5221218020621462, 0.0)",277
21,0.32233124455422046,4.4988589769654,"(0.5967498223328154, 0.0)",350
22,0.4308226521735701,3.778613961728047,"(0.667142005462845, 0.0)",443
23,0.44882727327298155,3.6590861679364255,"(0.6791848618920778, 0.0)",560
24,0.5126466893959507,3.235406382167577,"(0.724533548897095, 0.0)",708
25,0.5543480372856358,2.9585624494977654,"(0.7512374541533646, 0.0)",896
26,0.597670564920296,2.670955944420201,"(0.7748870065834361, 0.0)",1133
27,0.6382688462561031,2.4014349712763,"(0.8062006366138242, 0.0)",1433
28,0.6617079155465408,2.245829350622248,"(0.8146916236208137, 0.0)",1813
29,0.6926867911662169,2.040169001730709,"(0.8325262988190945, 0.0)",2293
30,0.6977694711180487,2.006426468753372,"(0.838704969903502, 0.0)",2900
31,0.708937434303297,1.9322853916760863,"(0.8421875015390127, 0.0)",3668
32,0.7155089899885947,1.8886586167217332,"(0.8487713894591556, 0.0)",4638
33,0.7194595009662927,1.862432246341228,"(0.8516612938600581, 0.0)",5866
34,0.7278964516175861,1.8064216203963774,"(0.8536334709984656, 0.0)",7419
35,0.7226046906062307,1.8415521857921984,"(0.8524687988236778, 0.0)",9383
36,0.7390002564824427,1.732706472998338,"(0.8605664284848205, 0.0)",11867
37,0.7369357137311139,1.746412412095433,"(0.8630298965712621, 0.0)",15008
38,0.7479848374576464,1.6730602779365942,"(0.8664085298825273, 0.0)",18980
39,0.7419495541930308,1.7131268858115354,"(0.8618533801421547, 0.0)",24004
40,0.7443541320076752,1.6971635462001216,"(0.8682352602481931, 0.0)",30358
41,0.7412418927698434,1.7178248579709037,"(0.8669949506259985, 0.0)",38393
42,0.7423580157291625,1.710415220512221,"(0.8666680756112934, 0.0)",48555
43,0.7558386136709205,1.6209211888370485,"(0.8717337523464422, 0.0)",61407
44,0.7464937399417815,1.6829592697240594,"(0.8674278695578249, 0.0)",77660
45,0.758391736339515,1.6039717002490081,"(0.8720946071427413, 0.0)",98216
46,0.7602813713203208,1.591426926377895,"(0.8734488338706917, 0.0)",124212
47,0.7506569605757925,1.6553207776556347,"(0.8721754760426351, 0.0)",157089
48,0.749172048865999,1.6651787035551562,"(0.8703865577215459, 0.0)",198668
49,0.7558958145085352,1.6205414479979967,"(0.8706751989172236, 0.0)",210956
