,r2,mse,rho,train size
0,0.001425998554448138,6.8825582540700765,"(0.04752566914491468, 8.156335243696603e-15)",2
1,0.002953055783570191,6.872033185000066,"(0.08610824080744932, 4.547481616337498e-45)",3
2,0.006929987268496807,6.844622634977905,"(0.08537841770135772, 2.463209926151801e-44)",4
3,0.008516326403975039,6.833688972079777,"(0.09283711239372762, 3.951539051076462e-52)",5
4,0.005763300712476882,6.852663889981964,"(0.0878660961784349, 7.323711911761708e-47)",6
5,0.002632092488721538,6.874245388172806,"(0.07415251192533764, 7.740085134097507e-34)",8
6,0.010519573741047838,6.819881816601309,"(0.11103769062826135, 6.39521461697626e-74)",10
7,0.00310276949003796,6.871001300227674,"(0.06664550603271294, 1.21711525724844e-27)",13
8,0.0053906033625955585,6.855232664272084,"(0.08161938623546072, 1.1785262330716588e-40)",16
9,0.006936928106175744,6.844574796039992,"(0.08787937527064711, 7.096556838515286e-47)",20
10,0.00767360659929095,6.839497322927286,"(0.10141562569836396, 6.567586331197492e-62)",26
11,0.01997806691951376,6.754690223186822,"(0.14741685564248433, 1.975896334831303e-129)",33
12,0.016656160413969445,6.777586087695497,"(0.1616565679720055, 1.401216794592547e-155)",42
13,0.0500770498205475,6.547236391117553,"(0.22424486412578248, 3.843558844202204e-301)",53
14,0.04946924949534903,6.55142558604849,"(0.24270781649706136, 0.0)",67
15,0.08464482160012698,6.308981937624926,"(0.2951598823300496, 0.0)",85
16,0.10179578214040319,6.1907708838013455,"(0.3197222753001281, 0.0)",108
17,0.13051835973052817,5.9928037695114575,"(0.3694421824448299, 0.0)",136
18,0.1561482090615398,5.816152934612522,"(0.4290962299945669, 0.0)",173
19,0.19256053533777584,5.56518509807801,"(0.4450574735483116, 0.0)",219
20,0.24297837003176914,5.217685880370403,"(0.4971146472229653, 0.0)",277
21,0.32890032240291867,4.625478551077026,"(0.587630980554968, 0.0)",350
22,0.4092120540425229,4.071939033029642,"(0.6592699499393003, 0.0)",443
23,0.41121542931438027,4.058130995775155,"(0.6594708162416042, 0.0)",560
24,0.5098121756477484,3.378564084040194,"(0.7191038990046144, 0.0)",708
25,0.5462075675782452,3.127712965566512,"(0.7448634746166578, 0.0)",896
26,0.5921238086960068,2.8112404719471664,"(0.7711080797637123, 0.0)",1133
27,0.6208958119014303,2.6129326971994224,"(0.7881749224769599, 0.0)",1433
28,0.6562509062797888,2.36925171182934,"(0.8142784869814603, 0.0)",1813
29,0.6694027805430256,2.278603907424363,"(0.8189903303077686, 0.0)",2293
30,0.6657057260994061,2.304085436624847,"(0.8160963412504904, 0.0)",2900
31,0.6870311351416796,2.1571024691003093,"(0.8288829201955915, 0.0)",3668
32,0.6788024185896898,2.213817966342692,"(0.8240706339745885, 0.0)",4638
33,0.6984211196853121,2.0785982901200564,"(0.8357292849258894, 0.0)",5866
34,0.6914991175933836,2.126307405882661,"(0.8324568444799675, 0.0)",7419
35,0.7031946397103598,2.045697343768759,"(0.8386461704935606, 0.0)",9383
36,0.687542539878204,2.1535776698511384,"(0.8311266211548407, 0.0)",11867
37,0.6839153460655748,2.178577692561608,"(0.829297957890139, 0.0)",15008
38,0.7061326542064634,2.0254474114738428,"(0.8404226688673954, 0.0)",18980
39,0.6987151204890973,2.076571922864484,"(0.836084375885767, 0.0)",24004
40,0.7128483501462728,1.9791602375083193,"(0.84474679862683, 0.0)",30358
41,0.6956338978833091,2.0978089008424767,"(0.8393234164666483, 0.0)",38393
42,0.7113941958044394,1.9891828316811984,"(0.8436133523710393, 0.0)",48555
43,0.7033098373590525,2.0449033570169393,"(0.8402116968000848, 0.0)",61407
44,0.71261826305862,1.9807460867112694,"(0.8444758539344798, 0.0)",77660
45,0.7017030762182704,2.0559777762746,"(0.8380066252771078, 0.0)",98216
46,0.712765855456474,1.9797288228183412,"(0.8442849761072853, 0.0)",124212
47,0.685809098498503,2.165525218313783,"(0.8334020264349457, 0.0)",157089
48,0.711878016095701,1.985848155098102,"(0.8446871558419998, 0.0)",198668
49,0.7128133895402646,1.9794011995272582,"(0.8443432295120441, 0.0)",210956
