,r2,mse,rho,train size
0,-0.005189973001876735,6.67318346501062,"(0.09648936709981912, 1.3385406359755335e-54)",2
1,-0.005760859215082403,6.676973423665887,"(0.03544889686396793, 1.1608637997689928e-08)",3
2,-0.00022170977852975504,6.640200513645865,"(0.11355739639337328, 4.748036329295107e-75)",4
3,0.012729454373283322,6.554221249236355,"(0.15126179063706333, 2.5110302146871095e-132)",5
4,-0.009175887265133298,6.699644868197004,"(0.094340074685243, 2.9051686048887682e-52)",6
5,0.005093610101076118,6.604913547316604,"(0.12603300675356924, 3.8305513280339216e-92)",8
6,0.0016375951918764509,6.627857092483522,"(0.1262277486046014, 2.0043284017144502e-92)",10
7,-0.014914891892977122,6.737744562599821,"(0.10905623438576914, 2.4976192504752924e-69)",13
8,0.015869751016500566,6.533373671964803,"(0.15331560063010052, 6.223271647294121e-136)",16
9,0.013153117078745002,6.5514086674988095,"(0.1566415636032558, 7.028235809823463e-142)",20
10,0.04061998283910839,6.3690635990533435,"(0.22486158980925117, 4.6409273184452296e-294)",26
11,0.05068008013029057,6.302277343019143,"(0.26452591499566547, 0.0)",33
12,0.03639740001003844,6.397096180626394,"(0.21030513869769796, 1.1934382760773595e-256)",42
13,0.05768303126575669,6.255786650733474,"(0.24609532803050477, 0.0)",53
14,0.09935538315253645,5.97913521465867,"(0.32088375536627245, 0.0)",67
15,0.11678767121550682,5.86340698458917,"(0.35045671566532244, 0.0)",85
16,0.11724685288749337,5.860358602071201,"(0.351878700536943, 0.0)",108
17,0.13521267901278455,5.741088357585459,"(0.38116010123572763, 0.0)",136
18,0.16026306018070702,5.574785674618206,"(0.41721160143095304, 0.0)",173
19,0.22364801794791755,5.153990139979744,"(0.4749307687917653, 0.0)",219
20,0.27818533721848115,4.791931676448244,"(0.5416200034127661, 0.0)",277
21,0.3166188109183219,4.5367822737629275,"(0.5804287132757786, 0.0)",350
22,0.41274436275426407,3.8986308195050037,"(0.6559184899473665, 0.0)",443
23,0.42776851078575717,3.7988895776378366,"(0.6677119164122484, 0.0)",560
24,0.5052729891527055,3.2843583771742733,"(0.727699092185787, 0.0)",708
25,0.540208919066157,3.0524282186023672,"(0.7450485756748, 0.0)",896
26,0.5847453875821442,2.7567626894255293,"(0.7696247218412158, 0.0)",1133
27,0.6396651872048869,2.39216504262479,"(0.8000826029740666, 0.0)",1433
28,0.6472888816577104,2.341553403898485,"(0.8066785088741897, 0.0)",1813
29,0.6779236622568534,2.138177408475531,"(0.8255246790635621, 0.0)",2293
30,0.6775757736042479,2.1404869468380143,"(0.8328157658670677, 0.0)",2900
31,0.6764142147898979,2.148198220608891,"(0.8327358580815722, 0.0)",3668
32,0.6925253776226675,2.0412405824455715,"(0.8353764233313355, 0.0)",4638
33,0.7053044613488737,1.956403713286366,"(0.8415737267827347, 0.0)",5866
34,0.7113862432059793,1.916028413873622,"(0.8483700727044523, 0.0)",7419
35,0.6982257355751711,2.0033974528332767,"(0.840889857037199, 0.0)",9383
36,0.7125153888767533,1.9085323221674004,"(0.8465008310233282, 0.0)",11867
37,0.7037639374645134,1.9666308333220612,"(0.8420177996513029, 0.0)",15008
38,0.726731717813589,1.8141539720619646,"(0.8543181754428613, 0.0)",18980
39,0.7282445744444054,1.804110527414834,"(0.8550207054643617, 0.0)",24004
40,0.7154514495508044,1.8890406120741978,"(0.8499484340586958, 0.0)",30358
41,0.7186423710561072,1.8678569500806919,"(0.8485726143956542, 0.0)",38393
42,0.7302549997080994,1.790763859632964,"(0.8560222499385592, 0.0)",48555
43,0.7302439560151951,1.7908371757133679,"(0.8564356059899344, 0.0)",61407
44,0.7237788658083448,1.8337571552465048,"(0.8555551108735537, 0.0)",77660
45,0.7135005462375974,1.9019921297785074,"(0.8458931110301109, 0.0)",98216
46,0.7328282030668893,1.7736810607917597,"(0.857051197776822, 0.0)",124212
47,0.7313488228821409,1.7835022643975276,"(0.8574502671571659, 0.0)",157089
48,0.7319458290578196,1.779538902399247,"(0.8565797125220835, 0.0)",198668
49,0.7264166724831012,1.816245472521188,"(0.8563936149082034, 0.0)",210956
