,r2,mse,rho,train size
0,0.001913820690776169,6.876836533643951,"(0.0690655280400244, 2.4711359782733258e-29)",2
1,-0.0006246207764302181,6.894326453234145,"(0.05261408173048336, 1.1132657911750679e-17)",3
2,-0.006164400796060843,6.932495663886588,"(0.08989961406646921, 1.379699361750391e-48)",4
3,-0.002296580642928703,6.905846294838083,"(0.08703860834253181, 1.2116260133753495e-45)",5
4,0.0005032630549306472,6.886555307918239,"(0.08637514819317184, 5.65329097168099e-45)",6
5,-0.0053847936003907915,6.927124152531942,"(0.016426897102259155, 0.007553948918296284)",8
6,0.01341928907879919,6.7975635941045995,"(0.11780482010734378, 2.3586350171305036e-82)",10
7,0.008430254556080374,6.83193815572531,"(0.1479591889447432, 2.627788649483871e-129)",13
8,0.014375682763943298,6.790974019806419,"(0.13933164454883068, 9.505875801266373e-115)",16
9,-8.772274988677609e-05,6.8906272135889965,"(0.08527182549301077, 7.13401844692613e-44)",20
10,-0.002198955732565455,6.905173656979653,"(0.07727713786055662, 2.554307309233345e-36)",26
11,-0.007148974385802198,6.939279398369997,"(0.10830679620037856, 7.953412242756148e-70)",33
12,0.000285841180327151,6.8880533495918765,"(0.08826647969936088, 6.788758744948088e-47)",42
13,0.050296526339189684,6.5434785885115705,"(0.2316436084034437, 4.3773e-319)",53
14,0.0681483177664719,6.420479338523868,"(0.2689747291180654, 0.0)",67
15,0.002650084491619964,6.871763659267966,"(0.16433774191425476, 1.8522113088393865e-159)",85
16,0.015165789098755655,6.785530169143682,"(0.34007183110320804, 0.0)",108
17,0.042434348426518054,6.597649173602017,"(0.39537034763529283, 0.0)",136
18,0.21786651790737277,5.388917525702311,"(0.4722766802589422, 0.0)",173
19,0.27636031166845343,4.98589395292222,"(0.5363748613844147, 0.0)",219
20,0.256439354637766,5.1231498010981715,"(0.5095484877364358, 0.0)",277
21,0.33421237006778026,4.587291951417361,"(0.6018536240192036, 0.0)",350
22,0.403090127542593,4.112722631876156,"(0.6378263945118651, 0.0)",443
23,0.4745813571843984,3.6201464295123915,"(0.6892470599102872, 0.0)",560
24,0.5469343161725497,3.1216328923032863,"(0.7457668650859627, 0.0)",708
25,0.5967282042007531,2.778551868396597,"(0.7743712471247225, 0.0)",896
26,0.6341097677271734,2.520992043331054,"(0.7967684387890948, 0.0)",1133
27,0.6585624840924394,2.352512270007395,"(0.8140755620027182, 0.0)",1433
28,0.6874343781383244,2.1535842616988803,"(0.8294615024090175, 0.0)",1813
29,0.7044914769571711,2.0360604619037543,"(0.8439798202968151, 0.0)",2293
30,0.716505571781748,1.9532830746189265,"(0.8476192040810743, 0.0)",2900
31,0.7337146564419111,1.8347120889115724,"(0.8574266415614828, 0.0)",3668
32,0.7378585746390849,1.8061603980440768,"(0.8601435121554242, 0.0)",4638
33,0.7525812412176317,1.7047208896139718,"(0.8684485054117219, 0.0)",5866
34,0.751048338299537,1.7152826256726552,"(0.8668439892375281, 0.0)",7419
35,0.751056655738942,1.7152253183255013,"(0.8708327891637668, 0.0)",9383
36,0.7620628346564904,1.6393924946224403,"(0.873578964264761, 0.0)",11867
37,0.7611400601530688,1.6457504319919731,"(0.8731797159685535, 0.0)",15008
38,0.7784902242167275,1.5262074059776642,"(0.8824881697170551, 0.0)",18980
39,0.775396621287086,1.5475224007027397,"(0.8807764047683564, 0.0)",24004
40,0.7623470730631503,1.6374340855193938,"(0.8742341113643766, 0.0)",26680
41,0.7695447731756107,1.587841767623721,"(0.8783235208794501, 0.0)",30358
42,0.7721208375503683,1.5700926253426282,"(0.8789683601025922, 0.0)",38393
43,0.782663410781707,1.4974540553886153,"(0.8849064999925546, 0.0)",48555
44,0.773422769930367,1.5611222815579804,"(0.8800789864152725, 0.0)",61407
45,0.7779027623280339,1.5302550317859769,"(0.8827987755081554, 0.0)",77660
46,0.7838551378845018,1.4892430284767857,"(0.8856431617509603, 0.0)",98216
47,0.7748355258537107,1.551388361032705,"(0.8813057271432487, 0.0)",124212
48,0.7785355004091973,1.5258954519791668,"(0.882798071121165, 0.0)",157089
49,0.787336654591552,1.4652552989802154,"(0.8878826574915575, 0.0)",198668
