,r2,mse,rho,train size
0,-0.011175404870077843,6.746538227815089,"(0.08706032897932688, 3.6585975158450104e-46)",2
1,-0.0031297060142938538,6.692857516596633,"(-0.0433566013444109, 1.3076323352373645e-12)",2
2,0.0008442294666006767,6.666343513677258,"(0.0920266536739124, 2.151501503958809e-51)",3
3,-0.00251489525664228,6.688755513858641,"(0.005642416430167224, 0.3561535166094286)",4
4,-0.006708296864158081,6.716733789549911,"(0.07125111982130382, 1.887744408094138e-31)",5
5,-0.030517494584110683,6.875588189901852,"(0.033327841274411414, 4.9901521396677105e-08)",6
6,-0.05885615848784442,7.064663080797075,"(0.01834056733507431, 0.002704143653083125)",8
7,-0.022719107518636816,6.823557537060491,"(-0.10979797548099061, 1.6297389053817943e-72)",10
8,-0.0029669084661647638,6.691771335231306,"(0.04638487195176301, 3.212283966392604e-14)",13
9,-0.0032801168455076635,6.693861054081599,"(-0.002428600697212461, 0.6912546988805486)",16
10,0.03329684122861187,6.449820460614095,"(0.1879434482024002, 3.787273027480802e-211)",20
11,0.0036674709064206112,6.647506914004876,"(0.08085819525319692, 4.852517767434278e-40)",26
12,0.010591909454849113,6.601307224862782,"(0.14005205027126746, 3.192649505107704e-117)",33
13,0.062264604229746,6.256548235518243,"(0.2546145193166634, 0.0)",42
14,0.07944508438830333,6.141920480923264,"(0.2847301350871477, 0.0)",53
15,0.041305738427179994,6.396385289176432,"(0.3349670576333946, 0.0)",67
16,0.12370755131392464,5.846602355370681,"(0.3548529767323309, 0.0)",85
17,0.008987040567666749,6.612014871870274,"(0.2987375700793117, 0.0)",108
18,0.15244224445030463,5.654885166863677,"(0.3959048686488677, 0.0)",136
19,0.04877069279311386,6.346579291368228,"(0.35176578058759694, 0.0)",173
20,0.2099144124383091,5.271432230311782,"(0.49356260591384293, 0.0)",219
21,0.16048558978767846,5.601220158264023,"(0.48053455173891274, 0.0)",277
22,0.3267064367816571,4.4921986244098,"(0.579851585150455, 0.0)",350
23,0.40601249347144663,3.963070502248164,"(0.6376145991897225, 0.0)",443
24,0.4688371489678488,3.5439058964691603,"(0.6864809204653471, 0.0)",560
25,0.5169931494745595,3.22261020755854,"(0.7203951007170893, 0.0)",708
26,0.569910407359324,2.8695475227748024,"(0.7576436118042973, 0.0)",896
27,0.62239520273633,2.519370217547012,"(0.7894830341183582, 0.0)",1133
28,0.6574386409025651,2.2855612323957604,"(0.8143379495466843, 0.0)",1433
29,0.6718633091540396,2.1893201892360654,"(0.8239142062710083, 0.0)",1813
30,0.6939915379829238,2.0416811733057987,"(0.8335509994575283, 0.0)",2293
31,0.7126106177777161,1.9174551161872062,"(0.8451161829181016, 0.0)",2900
32,0.7211473062197679,1.8604985341383682,"(0.8517532499790863, 0.0)",3668
33,0.7227873653690504,1.8495560985399326,"(0.8508443260485508, 0.0)",4638
34,0.7364375452409206,1.7584824234103873,"(0.8601109931846784, 0.0)",5866
35,0.7457144165913939,1.6965873586184064,"(0.8636685852911128, 0.0)",7419
36,0.7431771273859415,1.7135160917908734,"(0.8632963435395153, 0.0)",9383
37,0.7504057238424513,1.6652870683272765,"(0.8669867556987834, 0.0)",11867
38,0.7488810126811363,1.6754599048961303,"(0.8657226222126057, 0.0)",15008
39,0.7591232606737354,1.6071238701310142,"(0.8722635631300817, 0.0)",18980
40,0.7568710017706665,1.6221508879118152,"(0.8729002724307627, 0.0)",24004
41,0.7535034712019315,1.644618971694198,"(0.8692334813888549, 0.0)",30358
42,0.7597032994065405,1.6032538655149642,"(0.8737320708659739, 0.0)",38393
43,0.7650178917734134,1.5677950317699232,"(0.8758738358003616, 0.0)",48555
44,0.7664440365188572,1.5582798279811505,"(0.8758631447324505, 0.0)",61407
45,0.7726459887300838,1.5169005504803301,"(0.8791834815253371, 0.0)",77660
46,0.7662226509393066,1.5597569072972919,"(0.8780363103010761, 0.0)",98216
47,0.7696665310879065,1.5367794209357366,"(0.877707144791554, 0.0)",124212
48,0.7633712738509342,1.5787812273469795,"(0.874565191282688, 0.0)",157089
49,0.7738913524443287,1.5085915134277859,"(0.8805274262272693, 0.0)",198668
