,r2,mse,rho,train size
0,0.009578324423677453,6.826369270960253,"(0.12312576693594514, 1.3881248573007628e-90)",2
1,0.005714232998200841,6.853002083647541,"(0.11709411410741788, 4.7526041952689966e-82)",2
2,0.004252909803009741,6.863074088330586,"(0.09714454311495017, 6.245214413638413e-57)",3
3,0.0057550468588764,6.852720778733468,"(0.11194119509102421, 4.1794185346315355e-75)",4
4,0.0038395436160151286,6.8659231679762955,"(0.11252053936090457, 7.182705832531067e-76)",5
5,0.001462366169261875,6.882307594402236,"(0.05282131306900635, 6.054132581450782e-18)",6
6,0.003967709352085569,6.865039800150372,"(0.10821355651009974, 2.7926185805683316e-70)",8
7,-0.0005790227773507794,6.896377636606355,"(-0.017758658988321237, 0.0037299351455077723)",10
8,0.005678036551193255,6.853251563560657,"(0.13069124280657202, 6.537047185825636e-102)",13
9,0.007242913888672042,6.8424658236755,"(0.13353019513033246, 2.429066425446903e-106)",16
10,0.009316504351353116,6.828173836167487,"(0.12979383555493113, 1.5678357610223424e-100)",20
11,0.006680704447757813,6.846340788597958,"(0.1235855427964944, 2.977467550253127e-91)",26
12,0.004572658183007006,6.860870258820916,"(0.11509098991775343, 2.595920158870096e-79)",33
13,0.008981871030653066,6.830480258445792,"(0.1473370785735226, 2.7238400364700173e-129)",42
14,0.006307583054003696,6.848912485562465,"(0.10706784021809446, 7.862661870115153e-69)",53
15,0.006263944396972754,6.849213260065617,"(0.11742124821601754, 1.6799718863905133e-82)",67
16,0.020707331282065256,6.7496638511296565,"(0.15224952991951343, 5.0524008879072335e-138)",85
17,0.01935225772262683,6.759003542227045,"(0.1756312124192539, 1.039968042929942e-183)",108
18,0.02126552740197074,6.745816547567894,"(0.33633618645509683, 0.0)",136
19,0.1584193951289341,5.8004990417692825,"(0.41071749739543506, 0.0)",173
20,0.2053701423069142,5.476896332248727,"(0.45565620881265373, 0.0)",219
21,0.25990443791157236,5.10102487374851,"(0.5112822485930514, 0.0)",277
22,0.3434005049521339,4.52553768445607,"(0.60419803566099, 0.0)",350
23,0.4030155322779668,4.114647857769153,"(0.637945032189398, 0.0)",443
24,0.43464563754471985,3.8966409381360996,"(0.6597413371911883, 0.0)",560
25,0.5326206940266682,3.2213589533190903,"(0.7357881921352853, 0.0)",708
26,0.5680160654421429,2.977400363030542,"(0.7554310476256447, 0.0)",896
27,0.6242839825994664,2.589580114245922,"(0.7908580188318775, 0.0)",1133
28,0.6325575804341759,2.532555277843508,"(0.7953391750474437, 0.0)",1433
29,0.6577082050697178,2.3592074449039515,"(0.8148108246497404, 0.0)",1813
30,0.6876392285320811,2.152911254250638,"(0.8330823811147163, 0.0)",2293
31,0.67761280130667,2.222017268786557,"(0.8292043705092511, 0.0)",2900
32,0.7147780180819956,1.9658602197235602,"(0.8455681480907468, 0.0)",3668
33,0.7141192718327565,1.970400553668241,"(0.8451964941092395, 0.0)",4638
34,0.7173042545686591,1.948448420740361,"(0.8493014093688425, 0.0)",5866
35,0.7304276483441081,1.8579969148731186,"(0.8554904994445409, 0.0)",7419
36,0.729543109686481,1.8640934974301273,"(0.8551778893389743, 0.0)",9383
37,0.7315141800783023,1.8505081179039784,"(0.8563589509398866, 0.0)",11867
38,0.7303683481471399,1.8584056347672073,"(0.8548634651856566, 0.0)",15008
39,0.7464805128057437,1.7473543639535487,"(0.8640337306769225, 0.0)",18980
40,0.7334562489990892,1.8371226277336092,"(0.8593703140295781, 0.0)",24004
41,0.7527202569536378,1.7043476338301875,"(0.8675982526157386, 0.0)",30358
42,0.7499799084265761,1.7232351758117062,"(0.8661488684842079, 0.0)",38393
43,0.7464244379391831,1.7477408536229504,"(0.8648741316728868, 0.0)",48555
44,0.7423574972229483,1.7757717820817485,"(0.8619155490333293, 0.0)",61407
45,0.7506244068668009,1.7187930432776304,"(0.866809889633881, 0.0)",77660
46,0.7481110691536268,1.7361159389248542,"(0.8664368587205244, 0.0)",98216
47,0.7521688070857464,1.7081484396137014,"(0.8676184489242454, 0.0)",124212
48,0.7467124810347163,1.7457555491970187,"(0.864618288756035, 0.0)",157089
49,0.7601354491101535,1.6532392613826132,"(0.8721157777278576, 0.0)",198668
