,r2,mse,rho,train size
0,-0.003584815224391358,6.990305824151457,"(0.05866337714823368, 8.879209762599773e-22)",2
1,-0.00036720466451400924,6.967894084261259,"(0.002449373083889491, 0.6891323628411904)",2
2,-0.00029858963063778,6.967416157469569,"(0.02265013332275429, 0.00021585469690636158)",3
3,-0.00147235595686257,6.975591834763537,"(0.0727162040268095, 1.3060590783080468e-32)",4
4,-0.013217605065652505,7.05740144567612,"(0.009756613767298451, 0.11105021993706729)",5
5,-0.005012515736975143,7.000250238471862,"(0.07620360397178559, 1.1775361072309813e-35)",6
6,-0.015771026215333883,7.075186882904102,"(0.06871583653476496, 2.7149919035044615e-29)",8
7,-0.01103529877401388,7.042200948270115,"(0.058317646721990545, 1.5344428974801015e-21)",10
8,0.002828627979235443,6.945634034882551,"(0.10597867140404575, 1.7352162150302243e-67)",13
9,-0.008675526957785173,7.025764343789444,"(0.0017117339708516287, 0.7798143291509135)",16
10,0.013897318897763022,6.868536879345961,"(0.15603580449829382, 5.327642582215771e-145)",20
11,0.05446380590122857,6.585977651601682,"(0.23425422652867767, 0.0)",26
12,0.05701775767951556,6.568188518366968,"(0.2556288253879184, 0.0)",33
13,0.005795713439493699,6.924967286582897,"(0.13124185514766884, 8.582675911971177e-103)",42
14,-0.014085923281716761,7.063449574136108,"(0.04273392718720577, 2.899632787340064e-12)",53
15,-0.0011727744377303395,6.973505148709474,"(0.16408992858481858, 2.3857319110540262e-160)",67
16,0.1143461836931493,6.16887674703159,"(0.3489989877377656, 0.0)",85
17,0.0016204026678263705,6.954049730599651,"(0.24353789042445376, 0.0)",108
18,0.15090275129206343,5.914247956797713,"(0.42778086920181413, 0.0)",136
19,0.20118797548615364,5.563994455329462,"(0.45805551900348834, 0.0)",173
20,0.26626179404868855,5.1107334194938865,"(0.5563722589619413, 0.0)",219
21,0.3086190431648619,4.815700931257585,"(0.5820295641087969, 0.0)",277
22,0.4203672101327446,4.037337358449658,"(0.6520193877283179, 0.0)",350
23,0.41796496610802414,4.054069796149289,"(0.6637061488484259, 0.0)",443
24,0.49184976708720285,3.539437303941298,"(0.70754784628287, 0.0)",560
25,0.5504563439109296,3.1312227822689302,"(0.7464553697609032, 0.0)",708
26,0.6117767479825651,2.704105540936982,"(0.7840236996265703, 0.0)",896
27,0.6259710361103445,2.605237549448774,"(0.8028707588460353, 0.0)",1133
28,0.6488757604028952,2.4456984400542168,"(0.8099780568091479, 0.0)",1433
29,0.6638789972840705,2.3411958483842197,"(0.8228222988614645, 0.0)",1813
30,0.7085810803724037,2.029830802775982,"(0.8428648573558494, 0.0)",2293
31,0.702119222588319,2.0748398158834847,"(0.8438318111427502, 0.0)",2900
32,0.7345585366324219,1.848889081621658,"(0.8591195192819607, 0.0)",3668
33,0.7308120725570002,1.8749844641435025,"(0.8596953766538676, 0.0)",4638
34,0.7403991149326028,1.8082074891056952,"(0.864585877253206, 0.0)",5866
35,0.7483295571508122,1.7529692914117105,"(0.8676482139041269, 0.0)",7419
36,0.7452961225563515,1.7740981837496241,"(0.8675538591783867, 0.0)",9383
37,0.7465364745932264,1.7654587145828595,"(0.8679034106578901, 0.0)",11867
38,0.7490453139116682,1.747983804805909,"(0.8720769872398667, 0.0)",15008
39,0.7585961391360458,1.681459094409117,"(0.8722103231407192, 0.0)",18980
40,0.7607495928097188,1.6664595651926954,"(0.8745502619019614, 0.0)",24004
41,0.7623225463732881,1.655503414511918,"(0.8765915467602232, 0.0)",30358
42,0.7567983571619363,1.6939812505971448,"(0.8736190936088691, 0.0)",38393
43,0.7507468985590657,1.7361316953573112,"(0.872998612926817, 0.0)",48555
44,0.7521838311196047,1.7261229767174198,"(0.8725109259433188, 0.0)",61407
45,0.76336157731021,1.648266214526767,"(0.8763256427554258, 0.0)",77660
46,0.7654308297194675,1.6338531754406413,"(0.8756309070666434, 0.0)",98216
47,0.7601773987711412,1.6704450891461629,"(0.8788440601675155, 0.0)",124212
48,0.7694038523393664,1.6061797364466939,"(0.8811643851881733, 0.0)",157089
49,0.7567577483815449,1.6942641044125633,"(0.8768164029536509, 0.0)",198668
