,r2,mse,rho,train size
0,7.621354749798304e-05,6.611052185394416,"(0.008941965996493835, 0.1439231622928944)",2
1,0.0006767867581921605,6.607081461934446,"(0.028833036560305184, 2.4420384087491113e-06)",3
2,7.41199087699318e-05,6.611066027604269,"(0.015325195830398453, 0.012258665441200214)",4
3,0.0015854180024623687,6.601073995510968,"(0.05259694318359414, 7.874191802029586e-18)",5
4,0.00043865801634812573,6.608655863464346,"(0.028297032169082886, 3.7412509706539665e-06)",6
5,0.0077154604590199405,6.5605448760640135,"(0.15561484922748092, 2.1407500030367196e-144)",8
6,-0.002631664374807885,6.628955472123451,"(-0.05265790813700903, 7.217697791697952e-18)",10
7,0.0016973693111115296,6.600333823156105,"(0.06256007069767773, 1.4010911231077455e-24)",13
8,0.008103830922578159,6.557977142966116,"(0.11024731661261657, 5.309105424633324e-73)",16
9,0.0022268095765197726,6.596833399152711,"(0.06459586895323856, 4.2215179239858525e-26)",20
10,0.001304131936184949,6.602933734111429,"(0.06535916979050083, 1.1034405784609431e-26)",26
11,0.020903188377385917,6.473353473422806,"(0.1446844437732969, 6.878797981535098e-125)",33
12,0.030494052830484564,6.4099429352782655,"(0.17788120690275505, 9.34631062822592e-189)",42
13,0.011446977451785467,6.535873742219523,"(0.16645178314506712, 3.3183696151772345e-165)",53
14,0.014723401057110674,6.514211483825701,"(0.18578353367534992, 5.193704309155522e-206)",67
15,0.004066288996374179,6.584671577818546,"(0.07971646165969835, 6.512593870540683e-39)",85
16,0.024289814331438175,6.4509626060207195,"(0.29849136550645855, 0.0)",108
17,0.019466798902520344,6.482850242982192,"(0.29354746653945646, 0.0)",136
18,0.10693140790199607,5.904573075957203,"(0.36726984364718335, 0.0)",173
19,0.20531545749903712,5.254101415107912,"(0.4630933210303449, 0.0)",219
20,0.28229802482500765,4.7451268543934235,"(0.5357692434348104, 0.0)",277
21,0.3542911153465014,4.269140499359327,"(0.5956188174606777, 0.0)",350
22,0.44702543511593873,3.6560223440768738,"(0.6705887001064726, 0.0)",443
23,0.5093007856270246,3.244285372049082,"(0.7191682882883563, 0.0)",560
24,0.5457886222417772,3.0030439941955986,"(0.739324266990901, 0.0)",708
25,0.5840139284282676,2.7503152388390295,"(0.7682043920527419, 0.0)",896
26,0.6174849607817593,2.5290196315277917,"(0.7871370996921725, 0.0)",1133
27,0.6322803431595175,2.431199131278225,"(0.7988434793716036, 0.0)",1433
28,0.6862096000693194,2.0746428251070066,"(0.8308671617469408, 0.0)",1813
29,0.713958750493171,1.8911777610311884,"(0.8457019053355753, 0.0)",2293
30,0.7279326982922785,1.7987882215607576,"(0.8539845451024348, 0.0)",2900
31,0.7208018040549842,1.8459345286793556,"(0.8490813478959638, 0.0)",3668
32,0.7417108764943939,1.7076930237587236,"(0.8612301771888229, 0.0)",4638
33,0.7364831020443583,1.7422567476853963,"(0.8615843912891139, 0.0)",5866
34,0.7450900055412686,1.6853517225788341,"(0.8633930230383439, 0.0)",7419
35,0.7564831754888448,1.610025140592307,"(0.8704119983529361, 0.0)",9383
36,0.7640023117466529,1.560311949584202,"(0.874314275810675, 0.0)",11867
37,0.7467763493062362,1.6742023662141186,"(0.8698305948359666, 0.0)",15008
38,0.7563290252298837,1.6110443136734869,"(0.8709905189972449, 0.0)",18980
39,0.7580885722609377,1.5994109698101273,"(0.8762912995705677, 0.0)",24004
40,0.77032175114923,1.5185306216081031,"(0.879701004641932, 0.0)",26680
41,0.7602762752613953,1.5849468487459808,"(0.8722960357216641, 0.0)",30358
42,0.7682130932244154,1.5324721317221408,"(0.8770781785081612, 0.0)",38393
43,0.7720140757417109,1.5073417226669044,"(0.8802462861428771, 0.0)",48555
44,0.7658340709880376,1.5482011706429033,"(0.875927389773903, 0.0)",61407
45,0.7685760757151059,1.5300722526305024,"(0.8771437420955066, 0.0)",77660
46,0.7769557683354095,1.4746694449755984,"(0.8826559122233941, 0.0)",98216
47,0.7766035568183294,1.4769981111712234,"(0.8844584088956784, 0.0)",124212
48,0.7792369419986931,1.4595873373827593,"(0.8829860406041881, 0.0)",157089
49,0.7696869128590412,1.5227278905625838,"(0.880579674956177, 0.0)",198668
