,r2,mse,rho,train size
0,0.0003410934176864,6.636464215947004,"(0.07004110995802094, 1.5888272912546466e-29)",2
1,-0.011710922975576299,6.716474282377908,"(0.05700376052763245, 4.3456060925709853e-20)",3
2,0.014176881978117173,6.544612170138071,"(0.13258714372954375, 7.422718360715498e-102)",4
3,0.014233972362089453,6.5442331625707775,"(0.12123318697075693, 2.373746912431161e-85)",5
4,-0.007032643926554671,6.685416457257144,"(0.04395709728689313, 1.4844119334450332e-12)",6
5,-0.002539604888000646,6.655588390299626,"(0.05853905466340385, 4.228725787494637e-21)",8
6,5.8577832413475583e-05,6.638339760254934,"(0.049349641942172257, 1.94195118928421e-15)",10
7,0.0023358515248219636,6.623221558166128,"(0.11608583342622918, 2.28732639023655e-78)",13
8,0.021994292059255405,6.492714505921556,"(0.15140661745156964, 1.403608575285196e-132)",16
9,-0.0003540530420695909,6.6410791046601805,"(0.07703876903663058, 2.2030363691938121e-35)",20
10,-0.00760075056815146,6.689187963090759,"(-0.003595808174738123, 0.5628909828553128)",26
11,0.012500722810857234,6.555739736011297,"(0.21663735965139394, 1.381720862108626e-272)",33
12,-0.004602952628152135,6.669286396041792,"(0.12668007744649895, 4.434920903815265e-93)",42
13,0.0004515041414253629,6.63573122911287,"(0.07598156787310635, 1.8353161427914388e-34)",53
14,0.015196601655608655,6.537842527907697,"(0.25296968525700053, 0.0)",67
15,0.054262010502480695,6.278497879261526,"(0.3412376897011155, 0.0)",85
16,0.14162627693691643,5.698510221344478,"(0.38341353847263404, 0.0)",108
17,0.016830940085419077,6.52699259856203,"(0.23035333436171482, 6.83690856545051e-309)",136
18,0.03980343571624356,6.37448443382593,"(0.3711317921794483, 0.0)",173
19,0.24748640378544873,4.9957335651270425,"(0.5167550161319044, 0.0)",219
20,0.225097560775671,5.144367018490478,"(0.48134162918912604, 0.0)",277
21,0.32195611960176107,4.501349329731842,"(0.5879480690891701, 0.0)",350
22,0.38926252836782527,4.054520346026782,"(0.63915964450965, 0.0)",443
23,0.45930404460557683,3.589533726008872,"(0.6857846016538269, 0.0)",560
24,0.5131341837757313,3.2321700392654265,"(0.7264446322900628, 0.0)",708
25,0.5413409162691543,3.0449131963475,"(0.7389661891307762, 0.0)",896
26,0.6012141460297553,2.6474310710114968,"(0.7773558359528598, 0.0)",1133
27,0.6406994366280471,2.3852989413556753,"(0.8049939430093118, 0.0)",1433
28,0.6683927909844423,2.201450276580513,"(0.8197283467924097, 0.0)",1813
29,0.6792298447574836,2.129506017296149,"(0.8260391651111657, 0.0)",2293
30,0.7030671676872955,1.9712564987993677,"(0.8389950254086626, 0.0)",2900
31,0.7080835752511498,1.9379539302223086,"(0.8430457216906398, 0.0)",3668
32,0.7116255709876242,1.9144395816746484,"(0.845117264581008, 0.0)",4638
33,0.7271494040890889,1.8113810662211878,"(0.8529563608494388, 0.0)",5866
34,0.7267561542579904,1.8139917451385938,"(0.8557113565480012, 0.0)",7419
35,0.7290908811563492,1.7984921268058365,"(0.8555708708182029, 0.0)",9383
36,0.7397141715918971,1.7279669843128256,"(0.8614595454239684, 0.0)",11867
37,0.731515060197928,1.7823986599677446,"(0.8584366071710416, 0.0)",15008
38,0.7377995833017337,1.740677416433499,"(0.8613793299594852, 0.0)",18980
39,0.7459825613346623,1.6863528457846202,"(0.8639189210677748, 0.0)",24004
40,0.7559942014074106,1.6198882840743771,"(0.8703496769237468, 0.0)",26680
41,0.7513771724733471,1.6505394863026048,"(0.8689469568509962, 0.0)",30358
42,0.7520949944421207,1.645774061038229,"(0.8687944504876195, 0.0)",38393
43,0.7396860007632432,1.7281540027998958,"(0.8651147803174206, 0.0)",48555
44,0.7594008028436489,1.5972727815457377,"(0.8724940897199385, 0.0)",61407
45,0.7492228625182329,1.6648413655066365,"(0.8662685305097422, 0.0)",77660
46,0.7493077476173935,1.66427783636751,"(0.8664817475878426, 0.0)",98216
47,0.7571195366616037,1.6124174886898504,"(0.8723277643528137, 0.0)",124212
48,0.7539961666599388,1.6331526945813053,"(0.8721511198810963, 0.0)",157089
49,0.7663258032938983,1.5512995827067262,"(0.8772902943691983, 0.0)",198668
