,r2,mse,rho,train size
0,-0.00016403946037280015,6.918378866301027,"(0.03323412821451309, 6.24753186697708e-08)",2
1,-0.000988848444460455,6.9240842714336965,"(0.06159583089481873, 1.0533463140699673e-23)",3
2,0.0005336114228834399,6.913553044799406,"(0.05981734615578563, 1.9151408994842504e-22)",4
3,-0.00014571921031136803,6.918252140658183,"(0.008616861325544884, 0.1606955176561275)",5
4,0.00045742934048564887,6.914080014864373,"(0.030739591050530844, 5.581032485696973e-07)",6
5,0.004559927707513123,6.8857020319718965,"(0.07701790355025058, 3.6784280317462234e-36)",8
6,0.0008932156425905946,6.91106557460882,"(0.04570379055826326, 9.778696954621689e-14)",10
7,-0.0017697754074188499,6.929486133911746,"(-0.005766358604155163, 0.34788781338723723)",13
8,0.0020665432929231065,6.902949380765571,"(0.078552571212604, 1.4961519351536253e-37)",16
9,0.002566608148837579,6.899490310058725,"(0.08649660021919678, 3.442053774661759e-45)",20
10,-0.0002747995325040886,6.919145020763726,"(0.10611873792576257, 3.1193775102496495e-67)",26
11,0.004356820323004995,6.887106975342315,"(0.10853848615897958, 2.8878317617660086e-70)",33
12,-0.00030929138554203206,6.919383609332903,"(0.052616366170464376, 1.0242985981381101e-17)",42
13,0.013078813440168147,6.826774819342823,"(0.1984292931197072, 1.7225363142413907e-233)",53
14,0.008186375519818045,6.860617007001462,"(0.2172545259346222, 1.3459398759537148e-280)",67
15,0.03439403202993285,6.6793322479206605,"(0.3137806533677619, 0.0)",85
16,0.01665600388381705,6.802030519618323,"(0.22259044816211446, 8.443664924591854e-295)",108
17,0.10146267573073464,6.215402063606645,"(0.3897341178849425, 0.0)",136
18,0.1164970758441306,6.111405447143458,"(0.36317007034835225, 0.0)",173
19,0.24785088177250347,5.202799099495356,"(0.5254863560939464, 0.0)",219
20,0.29647267552821965,4.866470280332165,"(0.5459206797566993, 0.0)",277
21,0.3760386214353493,4.316093205249428,"(0.6135564720493705, 0.0)",350
22,0.4216686307943379,4.0004592892483375,"(0.6566125278808237, 0.0)",443
23,0.4583003997256837,3.7470683993433362,"(0.6792019574267335, 0.0)",560
24,0.47365920116141924,3.64082781972598,"(0.6975498189627856, 0.0)",708
25,0.5647575717930349,3.0106781470060184,"(0.7529596391300606, 0.0)",896
26,0.5846849253640778,2.872835776786834,"(0.7653162578249966, 0.0)",1133
27,0.6323936966929324,2.54282255667864,"(0.7981914413080415, 0.0)",1433
28,0.6598137612465256,2.3531512751331247,"(0.8143284884531857, 0.0)",1813
29,0.6844263305547322,2.1829001236928693,"(0.8294592536655557, 0.0)",2293
30,0.6913190599823347,2.1352214312767885,"(0.8358302857246686, 0.0)",2900
31,0.7059339462728126,2.0341266943574436,"(0.8416359046454369, 0.0)",3668
32,0.7190279554371031,1.9435522358653592,"(0.8480493775641608, 0.0)",4638
33,0.7189549455321392,1.9440572632044792,"(0.8507031034905954, 0.0)",5866
34,0.7328802839703918,1.8477322971426369,"(0.8563074679583875, 0.0)",7419
35,0.7327855540210786,1.8483875673318027,"(0.8598477919154337, 0.0)",9383
36,0.7384818019714432,1.8089852294330362,"(0.8601231306190317, 0.0)",11867
37,0.7368292859595864,1.8204160861741183,"(0.8614269930193286, 0.0)",15008
38,0.739628883756424,1.8010505846487552,"(0.8600573782570214, 0.0)",18980
39,0.7416458356699582,1.7870988357931679,"(0.8618825312844173, 0.0)",24004
40,0.7492316857576702,1.7346256585350948,"(0.8673183129247082, 0.0)",26680
41,0.7414623845276265,1.7883678121370798,"(0.8614011390561105, 0.0)",30358
42,0.7455925338543887,1.7597985608047118,"(0.8654162974301086, 0.0)",38393
43,0.7473816944516757,1.7474225001023425,"(0.8664861041520259, 0.0)",48555
44,0.7559206427923298,1.6883565095151467,"(0.8694914255592959, 0.0)",61407
45,0.7560143604960847,1.6877082412756628,"(0.8704563517983671, 0.0)",77660
46,0.755820660626928,1.6890481105654074,"(0.869948189725983, 0.0)",98216
47,0.7588150016871172,1.6683355223378922,"(0.8716599191877802, 0.0)",124212
48,0.7684900288696646,1.6014109970102888,"(0.877236442324159, 0.0)",157089
49,0.7617667307329019,1.6479176918183884,"(0.8743550175827507, 0.0)",198668
