,r2,mse,rho,train size
0,-0.0007658870261397777,6.871445212836626,"(0.013141599336258117, 0.03427969735486901)",2
1,-0.000661552341845173,6.870728831436916,"(0.034169178174287294, 3.689041133018117e-08)",2
2,0.0010852006701494998,6.858735299505142,"(0.047317288798047044, 2.4306530453881348e-14)",3
3,-1.2186183204310197e-05,6.866270162291599,"(0.028123649683399605, 5.879382629041134e-06)",4
4,-0.000770348113074526,6.871475843491466,"(0.0006149992189198123, 0.9210938557774968)",5
5,-3.663109967311229e-05,6.866438005646797,"(0.03219105729796407, 2.145670726249553e-07)",6
6,-0.002067364058454313,6.880381396852539,"(-0.0119104997145204, 0.05505352063105656)",8
7,0.004409738276812014,6.835908404305826,"(0.10425202682747244, 1.297480210180294e-63)",10
8,0.003463851811081442,6.8424030371776015,"(0.11738991246604126, 2.838488465345034e-80)",13
9,-0.0008835076367843531,6.872252817884343,"(0.019610042659809986, 0.001584040327877404)",16
10,0.0029608990566694082,6.845856404584895,"(0.10092036857938136, 1.0444765934537986e-59)",20
11,-0.001636593165121214,6.877423643564587,"(0.018134130347392186, 0.0034885862546907265)",26
12,0.02856307281929582,6.6700671049893785,"(0.18350276485255196, 2.9289310679356012e-195)",33
13,0.0010606770452774583,6.858903683286917,"(0.04759667342738772, 1.712083066808502e-14)",42
14,0.005511879364378025,6.828340898060653,"(0.10812872876371732, 2.5480374967125275e-68)",53
15,0.06738052260860661,6.403539255681983,"(0.26155156222347276, 0.0)",67
16,0.08704093609104901,6.2685471902472125,"(0.2999303784070899, 0.0)",85
17,0.037425842754468364,6.609213673799309,"(0.27722329413635505, 0.0)",108
18,0.015640498304860917,6.75879591153234,"(0.26922583330638183, 0.0)",136
19,0.14015613523864834,5.903848327463032,"(0.39037209317786675, 0.0)",173
20,0.24751620671836494,5.1666940551373735,"(0.5067377333081075, 0.0)",219
21,0.24539571835323637,5.181253723701554,"(0.49841120402700967, 0.0)",277
22,0.3555288995908302,4.425058762621943,"(0.6050336096020466, 0.0)",350
23,0.3944346890154953,4.1579243569037745,"(0.6396898367779714, 0.0)",443
24,0.4521689311458845,3.7615102835958867,"(0.6778288281492119, 0.0)",560
25,0.5170188787892421,3.3162384492302768,"(0.7215625228376764, 0.0)",708
26,0.5691349002418724,2.958400126836087,"(0.7586162095814977, 0.0)",896
27,0.6183862460800382,2.6202312014432634,"(0.7865777246770373, 0.0)",1133
28,0.6344282431415322,2.510083857952065,"(0.7985062611526657, 0.0)",1433
29,0.669542976768321,2.2689795483349164,"(0.8191043087760823, 0.0)",1813
30,0.6818091507668903,2.1847577101458127,"(0.8272303797784568, 0.0)",2293
31,0.6915467334575661,2.1178976514329024,"(0.8332705344590362, 0.0)",2900
32,0.7178488533249714,1.9373023913492464,"(0.847313616930601, 0.0)",3668
33,0.7131312388273543,1.969694412276327,"(0.8467358341857892, 0.0)",4638
34,0.725709846483404,1.8833273463293092,"(0.8526256856958531, 0.0)",5866
35,0.7329308025279584,1.8337469154935795,"(0.8568711100764115, 0.0)",7419
36,0.7454332790594185,1.7479025800456631,"(0.8639007578406308, 0.0)",9383
37,0.745929400862817,1.7444961152219294,"(0.8637860003353808, 0.0)",11867
38,0.7482440410193906,1.7286033642503817,"(0.8654234297822633, 0.0)",15008
39,0.7446318153190656,1.7534055795516463,"(0.8650739333216934, 0.0)",18980
40,0.7435746414800872,1.760664332282088,"(0.8641863393561495, 0.0)",24004
41,0.7572324327457473,1.6668873904148742,"(0.8705377844878169, 0.0)",30358
42,0.7445409686938103,1.7540293494226078,"(0.8631984259749574, 0.0)",38393
43,0.7557400637431326,1.6771342742982518,"(0.8693878715480399, 0.0)",48555
44,0.7679902281353093,1.593022361052266,"(0.8783774753595281, 0.0)",61407
45,0.7583975421127492,1.6588875322201595,"(0.8709632366890736, 0.0)",77660
46,0.7553299689453292,1.6799500616584193,"(0.8699168266388966, 0.0)",98216
47,0.7535940783962302,1.691869009894215,"(0.8684920109996259, 0.0)",124212
48,0.7614170745414481,1.638154859453061,"(0.8726511447264934, 0.0)",157089
49,0.7652275217405362,1.6119916183750238,"(0.8748730817427891, 0.0)",198668
