,r2,mse,rho,train size
0,0.0005057675972872655,6.820963713855473,"(0.04592891626183301, 1.3035663795193053e-13)",2
1,0.001315590921213028,6.815437143187974,"(0.057040174562873, 3.5769368054406545e-20)",2
2,0.0015236121111755763,6.814017520200219,"(0.04415381236694817, 1.084812805307582e-12)",3
3,0.002745316720443425,6.805680100594671,"(0.11287998023160721, 2.0662737070726697e-74)",4
4,0.004565117988832079,6.793261021008521,"(0.0965265880409095, 8.169801600274711e-55)",5
5,0.007599238712811318,6.772554921172438,"(0.09342573320693223, 1.899075764338005e-51)",6
6,0.0019957426235889253,6.810795505516218,"(0.05854109825642338, 3.637346907848303e-21)",8
7,0.001252241187973513,6.8158694680756025,"(0.05988239269459101, 4.488929735331051e-22)",10
8,0.0017498821707436774,6.812473359347848,"(0.06571995332540059, 2.8893752413709566e-26)",13
9,0.0010120740738590595,6.817508468199393,"(0.079307281644237, 1.6119541609383308e-37)",16
10,0.0019480494110609703,6.81112098380464,"(0.091056446694393, 5.969480079838929e-49)",20
11,0.007426855770699126,6.773731333956941,"(0.15880152381226348, 2.7598060432509415e-146)",26
12,0.006712512693370143,6.778606307770438,"(0.18996426383590068, 1.3375773638762183e-209)",33
13,0.0748516285947578,6.3135966839127065,"(0.2810852526403854, 0.0)",42
14,0.07804803768939739,6.291783060839802,"(0.2825221128899511, 0.0)",53
15,0.03532422967998494,6.583348069123425,"(0.2640146589357916, 0.0)",67
16,0.10613663595993816,6.100094801553053,"(0.343577699398363, 0.0)",85
17,0.12209505059034842,5.9911879528731795,"(0.35299007889165807, 0.0)",108
18,0.07673827545275524,6.3007214222632975,"(0.34323620983026937, 0.0)",136
19,0.20226031823711144,5.444106875260951,"(0.45414436658404056, 0.0)",173
20,0.029619082310421985,6.622282364018194,"(0.18771700072859254, 1.245708901093641e-204)",219
21,0.2731658254093179,4.9602182485387205,"(0.5289647759959836, 0.0)",277
22,0.3763119186344903,4.256306473656781,"(0.6197736257665312, 0.0)",350
23,0.4474377932853265,3.7709139677457384,"(0.6691534514936185, 0.0)",443
24,0.4729444024356102,3.596846274469166,"(0.7005469735633542, 0.0)",560
25,0.5044557715508537,3.381799605523126,"(0.7223638305603239, 0.0)",708
26,0.5522858696894383,3.0553871528477807,"(0.7477546300747921, 0.0)",896
27,0.5909945743196927,2.7912228774235954,"(0.7687966492065268, 0.0)",1133
28,0.6520880928687184,2.374295335807969,"(0.8126592332854988, 0.0)",1433
29,0.675744157031765,2.2128565300222793,"(0.8234458864377634, 0.0)",1813
30,0.6986896558090605,2.056266917513954,"(0.8360002707257039, 0.0)",2293
31,0.6908410954728443,2.109828752613934,"(0.8360456231162104, 0.0)",2900
32,0.7055579385188506,2.009394904028334,"(0.8409712578949642, 0.0)",3668
33,0.711591336419062,1.9682204911958916,"(0.8438608251134505, 0.0)",4638
34,0.7195132286554975,1.9141582087553983,"(0.8527036709732453, 0.0)",5866
35,0.7223920338374603,1.8945120466777814,"(0.8509356147156527, 0.0)",7419
36,0.7279306219990282,1.8567144209874082,"(0.8545315168650498, 0.0)",9383
37,0.7213427946116864,1.9016724908846008,"(0.8502968156470319, 0.0)",11867
38,0.7373759575514733,1.792255528699915,"(0.8587102934106343, 0.0)",15008
39,0.7406855885253469,1.7696692325041128,"(0.8610050189043447, 0.0)",18980
40,0.7419768504001096,1.7608571252329503,"(0.8632586721894536, 0.0)",24004
41,0.7501920440800556,1.704793231939138,"(0.8668467497006468, 0.0)",30358
42,0.7551574207331042,1.670907439627308,"(0.8704129556809418, 0.0)",38393
43,0.7445348274889192,1.743400427297134,"(0.8634190456557557, 0.0)",48555
44,0.7488806564609344,1.713742685647662,"(0.8664443124223057, 0.0)",61407
45,0.75278587320435,1.6870918648244702,"(0.8687677252336009, 0.0)",77660
46,0.7601335026628839,1.6369485900613576,"(0.8728856275208102, 0.0)",98216
47,0.7687342111464188,1.5782537836505048,"(0.8783052350735007, 0.0)",124212
48,0.7545958471668186,1.6747398508550213,"(0.8700110430393122, 0.0)",157089
49,0.7594596538685889,1.641547214070885,"(0.8718791245077273, 0.0)",198668
