,r2,mse,rho,train size
0,-0.04182641562407108,7.0711895441298855,"(-0.030948501650942897, 5.49374927452346e-07)",2
1,-0.12175145023837985,7.613664816980762,"(0.0170967227442035, 0.005671348688451405)",2
2,-0.0013132250145502233,6.796214322210809,"(0.0072774766683975246, 0.23903401027024435)",3
3,-0.025803925962063046,6.962440082924245,"(-0.034216995388899954, 3.0694230918092345e-08)",4
4,-0.007001615145402207,6.83482313862493,"(-0.07011898868734402, 6.751648973417198e-30)",5
5,0.0005112583130797432,6.783831004571422,"(0.024925821918822755, 5.500848939083106e-05)",6
6,-0.0009862271820773039,6.793994889473014,"(0.02958456487757886, 1.6895836701968438e-06)",8
7,-0.0021166323070072046,6.801667289385476,"(-0.02841114057907857, 4.27725348671687e-06)",10
8,0.005932062998216248,6.747038371138964,"(0.08478819966502005, 5.6694848622164325e-43)",13
9,0.0010733972730537777,6.780015598207651,"(0.039729046271929046, 1.2750641958017514e-10)",16
10,0.005158640813678894,6.752287820358605,"(0.07761352578713245, 2.87231684508687e-36)",20
11,0.007773764243450332,6.734538190309023,"(0.13391068799832748, 5.218219214973517e-105)",26
12,0.00335171870678852,6.7645519447056985,"(0.11640878207895533, 1.1956152164903373e-79)",33
13,0.0015910497334264972,6.7765021351101655,"(0.05360815004741181, 3.983719198635971e-18)",42
14,0.004184737431265351,6.758897995826838,"(0.099912207674553, 4.657098854692863e-59)",53
15,0.005858794423319824,6.747535667015658,"(0.15282141225495346, 1.5529915517947284e-136)",67
16,0.0022789769675680693,6.771832965858712,"(0.06255923103508274, 4.021373601931994e-24)",85
17,0.009377944045348197,6.72365013902527,"(0.12968696093841, 1.4840676884257563e-98)",108
18,0.1666535354032863,5.656173349726435,"(0.40855009090757993, 0.0)",136
19,0.023479102870696655,6.62794132866055,"(0.40289737625554695, 0.0)",173
20,0.26664834116817304,4.977478497697355,"(0.5302455236652093, 0.0)",219
21,0.36696710838173674,4.296584821781463,"(0.6183374822000137, 0.0)",277
22,0.3880131409602692,4.153739062370007,"(0.6346700361638592, 0.0)",350
23,0.44093933412880526,3.7945130549167705,"(0.6674342107768355, 0.0)",443
24,0.4907945474044523,3.4561307125723926,"(0.7018893230288454, 0.0)",560
25,0.5426023982586188,3.1044952311046123,"(0.736670559177275, 0.0)",708
26,0.5795210931249357,2.8539169339846997,"(0.7654204592825236, 0.0)",896
27,0.6304084107304372,2.5085293888193254,"(0.7952908804401155, 0.0)",1133
28,0.6414634480409289,2.4334955222676804,"(0.8009969476819858, 0.0)",1433
29,0.6564497590889965,2.331778917275768,"(0.8137757527141933, 0.0)",1813
30,0.6828501095388558,2.1525917904542773,"(0.826748370194492, 0.0)",2293
31,0.6968336094155339,2.057681566797607,"(0.8371139396874414, 0.0)",2900
32,0.6985466593896347,2.046054580877714,"(0.8368640514625056, 0.0)",3668
33,0.7048315826225777,2.003396914702275,"(0.8423433409762218, 0.0)",4638
34,0.7107862913269176,1.9629805139497138,"(0.8444377151489912, 0.0)",5866
35,0.732083238993279,1.8184317182944914,"(0.8564444556873299, 0.0)",7419
36,0.7270286372456989,1.8527388221375243,"(0.852984144265302, 0.0)",9383
37,0.726012654089496,1.859634605699366,"(0.8521761605700323, 0.0)",11867
38,0.7381749052970574,1.7770857450808986,"(0.8593220581786717, 0.0)",15008
39,0.7313809831296627,1.823198140268092,"(0.8554024335707122, 0.0)",18980
40,0.7521475148554073,1.6822494372934556,"(0.8673066012440596, 0.0)",24004
41,0.7466046937798798,1.7198702327028081,"(0.8656232288638328, 0.0)",30358
42,0.7462744943392406,1.7221113957191316,"(0.8649021735119106, 0.0)",38393
43,0.7299999311698182,1.8325717557110275,"(0.8575776425066669, 0.0)",48555
44,0.7525919653004973,1.6792328183125267,"(0.8675937581705002, 0.0)",61407
45,0.7460873211238092,1.7233817966842557,"(0.8643430307221666, 0.0)",77660
46,0.746557659459578,1.7201894687952575,"(0.8646150399438083, 0.0)",98216
47,0.7583692429870353,1.6400206952967062,"(0.8709624888915607, 0.0)",124212
48,0.7548257064872828,1.6640717443683346,"(0.8694869913412686, 0.0)",157089
49,0.7430548637975221,1.7439639975356491,"(0.8638733651555792, 0.0)",198668
