,r2,mse,rho,train size
0,-0.011483779813093342,6.83934893347143,"(-0.07263169872000583, 1.9332746229558202e-32)",2
1,-0.0048221213890375925,6.794304803899589,"(0.018068956814193144, 0.0032132892795479996)",3
2,0.006160921178434697,6.720040775183287,"(0.12185463696078966, 1.691595334376573e-88)",4
3,0.0023505793406521924,6.745805160044917,"(0.07184734942300477, 8.885184402685142e-32)",5
4,0.009235287879373,6.699252832720139,"(0.17086329073078663, 2.438958298301978e-173)",6
5,-0.005193464224210187,6.796815712402896,"(-0.04105966636527558, 2.1128313669157186e-11)",8
6,-0.0027596929137558845,6.78035928319595,"(0.03178692073432695, 2.1661943786366154e-07)",10
7,0.012367335540872437,6.678074868959597,"(0.14553239819441846, 8.44505245395775e-126)",13
8,0.0203881513993025,6.623840525827509,"(0.1627785799949591, 2.6812766557480627e-157)",16
9,-0.0035720224407589374,6.785852011003373,"(-0.05558852874105652, 1.1763909630986605e-19)",20
10,-0.0016413160445434283,6.772797155359277,"(0.023493526184735915, 0.0001274272647968715)",26
11,-0.0015108782608506122,6.771915174318565,"(-0.015313028609642194, 0.012521863597503019)",33
12,0.038027330810950555,6.504569702800907,"(0.21463810901522232, 1.1032198489991232e-274)",42
13,0.010466729093089211,6.690926197810365,"(0.20936857120767716, 3.639093219776123e-261)",53
14,0.03413878214863997,6.530862898675229,"(0.2210879442114372, 9.881419579127197e-292)",67
15,0.017006851568287185,6.646703857750909,"(0.15615856173023526, 9.016452887545178e-145)",85
16,0.10847839313067709,6.028200820219926,"(0.3489509847256306, 0.0)",108
17,0.12737794604796082,5.900407730832178,"(0.35694236669882384, 0.0)",136
18,0.15745596627362513,5.697029209439237,"(0.4145697197774656, 0.0)",173
19,0.17600977560967768,5.571573934103224,"(0.42917835776265834, 0.0)",219
20,0.07921114172590316,6.226097166830515,"(0.44413017082419165, 0.0)",277
21,0.37425015678675544,4.23113213302466,"(0.6245112652707793, 0.0)",350
22,0.4483995045967534,3.7297565568828244,"(0.6755756421625522, 0.0)",443
23,0.5165866263278109,3.2686957592752037,"(0.7198439806904722, 0.0)",560
24,0.5683199058112974,2.918890891493989,"(0.7543946451401068, 0.0)",708
25,0.6071126650619959,2.656585927338553,"(0.7793375490541986, 0.0)",896
26,0.6372080946786418,2.4530896888827995,"(0.8018335855394942, 0.0)",1133
27,0.6769116999915914,2.1846258577551567,"(0.822969728943392, 0.0)",1433
28,0.7089162204237752,1.968220921707078,"(0.8426015653283732, 0.0)",1813
29,0.7183894702147923,1.9041656574035088,"(0.8493318994934599, 0.0)",2293
30,0.735812373041915,1.7863572315573948,"(0.8583153109023113, 0.0)",2900
31,0.7361752776722612,1.7839033796558168,"(0.8583470091397298, 0.0)",3668
32,0.7426525260242014,1.7401061754971323,"(0.8619132937236749, 0.0)",4638
33,0.7549917245790874,1.6566722281017063,"(0.8693149040776109, 0.0)",5866
34,0.7594880248587951,1.6262695986811253,"(0.8717629735209406, 0.0)",7419
35,0.7513209192877277,1.6814931088271308,"(0.8686383740452344, 0.0)",9383
36,0.7648807506484687,1.5898056097233157,"(0.8755490279940592, 0.0)",11867
37,0.7706187947247323,1.5510066824281525,"(0.8782245291115285, 0.0)",15008
38,0.7700772802913962,1.5546682400685332,"(0.8781973874946672, 0.0)",18980
39,0.7779330896886862,1.5015496209713117,"(0.8820201645872021, 0.0)",24004
40,0.7702085388114557,1.5537807094554936,"(0.8793562795764444, 0.0)",30358
41,0.7816097385625592,1.4766892276994406,"(0.8844694325865833, 0.0)",38393
42,0.7750929560623314,1.5207537498718413,"(0.8827671663967221, 0.0)",48555
43,0.7840145404055279,1.4604286813138552,"(0.8854497455127769, 0.0)",61407
44,0.7741818193456167,1.5269145821620642,"(0.8805909811757304, 0.0)",77660
45,0.778603484373265,1.4970166138559369,"(0.8827640111419097, 0.0)",98216
46,0.7830178753151221,1.4671678307289397,"(0.8849894201744242, 0.0)",124212
47,0.7752470539032861,1.5197117866439411,"(0.8840835890171205, 0.0)",157089
48,0.777551372777103,1.5041306758574386,"(0.8821952454422299, 0.0)",198668
49,0.7876691652013843,1.4357172082298304,"(0.8876906255774633, 0.0)",209846
