,r2,mse,rho,train size
0,-0.02635659430723858,6.907593928017157,"(0.021155057707604227, 0.0005521833510259775)",2
1,-0.0012533836167494261,6.738644084754933,"(0.03576943089879534, 5.175120197937131e-09)",3
2,0.001128928467922119,6.7226106275900515,"(0.04140181311373309, 1.3610832077328354e-11)",4
3,-0.0019307189643982259,6.743202692903993,"(-0.013471162504388502, 0.0278532579110768)",5
4,-0.001916388310705841,6.743106244615962,"(0.028722068565980908, 2.7318417616170335e-06)",6
5,-0.0005612400629986247,6.733985814290532,"(0.06938503598832892, 8.202329610101467e-30)",8
6,0.0015667669667310813,6.719663883181139,"(0.0798032563929707, 6.424342718588777e-39)",10
7,0.005699808820995855,6.691847649549367,"(0.0954587353646917, 5.33027709605676e-55)",13
8,0.022689002778534584,6.577506831091226,"(0.17576420164599327, 6.701378615632672e-184)",16
9,0.0010675714031210815,6.723023573432277,"(0.10008422409680745, 2.636355157905429e-60)",20
10,0.009453273059634393,6.666586052432286,"(0.13874440079827705, 1.116550834565986e-114)",26
11,0.009809207617463511,6.664190538627367,"(0.15766238441053892, 6.411528412644091e-148)",33
12,0.008179756776204083,6.675157082613655,"(0.1912994150673385, 4.2990495732624e-218)",42
13,0.010696938358579544,6.658215925601973,"(0.2431267271953717, 0.0)",53
14,0.05940782052117255,6.3303815299143835,"(0.27096401361139716, 0.0)",67
15,0.0242857742059156,6.566760226375685,"(0.312825408955937, 0.0)",85
16,0.1434056815469904,5.765058407320717,"(0.38154939534625065, 0.0)",108
17,0.04900625309594364,6.400386247949901,"(0.3819311773590173, 0.0)",136
18,0.10332003511586119,6.03484316772868,"(0.42264088064004884, 0.0)",173
19,0.12717193970367213,5.874314875499393,"(0.4964207975287207, 0.0)",219
20,0.3435425555410875,4.418095506471345,"(0.5900627373018524, 0.0)",277
21,0.3672544193085757,4.258509718168571,"(0.6361639460686898, 0.0)",350
22,0.4752399185849575,3.531744787487816,"(0.7066259547103294, 0.0)",443
23,0.4923346031306166,3.416693995371391,"(0.70196794294785, 0.0)",560
24,0.5483437164456477,3.03974098196997,"(0.7429408547915644, 0.0)",708
25,0.6033556049904498,2.66949949924503,"(0.7775834971894543, 0.0)",896
26,0.6428682576227437,2.4035711066020133,"(0.8045607700563475, 0.0)",1133
27,0.6678249206001865,2.235607560011354,"(0.817310507544574, 0.0)",1433
28,0.6861945977811302,2.1119758015576857,"(0.8319275818432831, 0.0)",1813
29,0.7082202825845608,1.963738349338372,"(0.8426352914223663, 0.0)",2293
30,0.704305740668844,1.9900840328152007,"(0.8394303614257923, 0.0)",2900
31,0.7133758369220748,1.929040393447698,"(0.8459699893246994, 0.0)",3668
32,0.7172647125695113,1.9028674493091384,"(0.8493066016723384, 0.0)",4638
33,0.7353905848463921,1.7808765487057212,"(0.8581096569711252, 0.0)",5866
34,0.7387353342177728,1.7583656878834324,"(0.8601645461947665, 0.0)",7419
35,0.7441820468024118,1.721708176268084,"(0.8641867324696156, 0.0)",9383
36,0.751660876697671,1.6713740913509068,"(0.8670182144393992, 0.0)",11867
37,0.7526319875465062,1.6648383128115065,"(0.8679228221270834, 0.0)",15008
38,0.7519667146369938,1.6693157382362664,"(0.8673085665252748, 0.0)",18980
39,0.766244219774578,1.573225151063513,"(0.8761927000895201, 0.0)",24004
40,0.7581596244112632,1.6276361639140742,"(0.8710823913697906, 0.0)",26680
41,0.7566823600161658,1.6375784613789606,"(0.8699220464177844, 0.0)",30358
42,0.7631653006898206,1.5939469186174904,"(0.8751706666759828, 0.0)",38393
43,0.7660840699792115,1.574302992585828,"(0.8753024302004526, 0.0)",48555
44,0.765399208463669,1.578912253414407,"(0.875919775685095, 0.0)",61407
45,0.7594248895614761,1.6191206655800454,"(0.8725628499671514, 0.0)",77660
46,0.763630467699786,1.5908162476290895,"(0.8740766482315533, 0.0)",98216
47,0.7617333671513131,1.6035841299637033,"(0.873354948300132, 0.0)",124212
48,0.7683553689618654,1.5590166767494875,"(0.8773884558712285, 0.0)",157089
49,0.7519774068420805,1.6692437774661568,"(0.8687763761930033, 0.0)",198668
