,r2,mse,rho,train size
0,-0.0001480081644498199,6.974672497720356,"(0.10272079279472167, 7.478342663056201e-64)",2
1,0.009265015864902026,6.909029453608922,"(0.12289960217612422, 8.45359716694258e-91)",3
2,0.0004876653479527482,6.970239539269914,"(0.09079313901842166, 3.17752409652981e-50)",4
3,0.0002103334669969481,6.972173552063075,"(0.09797125972175856, 3.192261303113033e-58)",5
4,-0.001554753549702248,6.9844826340898924,"(0.05904397613389298, 3.678699214693041e-22)",6
5,-0.0010426562994916289,6.98091145204679,"(0.02942253584494573, 1.432918882556416e-06)",8
6,0.001979969006240645,6.959832750275944,"(0.08398385485475203, 3.331913237202014e-43)",10
7,0.004502067646640295,6.942244541450714,"(0.08028180994902634, 1.2855042673350685e-39)",13
8,0.002534984090293624,6.9559622746953655,"(0.11128893439359402, 1.077076241985995e-74)",16
9,-0.00026256007195968323,6.97547134152382,"(0.07106651926380321, 2.157975656297702e-31)",20
10,0.00709795412097769,6.924141762809987,"(0.10952808303085038, 2.1498673907314489e-72)",26
11,0.022940909671280152,6.813658688847667,"(0.19745084857642234, 5.079379263877452e-234)",33
12,0.004059800556332371,6.945328753073631,"(0.08069882602907437, 5.166375199457723e-40)",42
13,0.06709404442595368,6.505750607096104,"(0.26556083586624873, 0.0)",53
14,0.03916645887338688,6.700507544360525,"(0.25984671420629923, 0.0)",67
15,0.08568954378751414,6.376072282568433,"(0.30548788235132107, 0.0)",85
16,0.10372166864498755,6.2503227292101275,"(0.3324342641710306, 0.0)",108
17,0.02302250091652136,6.813089700848297,"(0.33093130880693195, 0.0)",136
18,0.08755708042107158,6.363048753760469,"(0.32607984764116776, 0.0)",173
19,0.038803508975715606,6.703038626409056,"(0.4977160010927092, 0.0)",219
20,0.042521295774522794,6.677112118405888,"(0.44851686617713094, 0.0)",277
21,0.3721690137925783,4.378267493382387,"(0.6247794366216526, 0.0)",350
22,0.44963341608755025,3.838058612468183,"(0.6705735989512186, 0.0)",443
23,0.482479823698594,3.608999579261579,"(0.7052908790513713, 0.0)",560
24,0.5308293992300721,3.2718270288160203,"(0.7354210428451534, 0.0)",708
25,0.5673065266166899,3.017448661711925,"(0.7540158985082883, 0.0)",896
26,0.6051669893628833,2.7534234113377614,"(0.7788908716486378, 0.0)",1133
27,0.6247186224397978,2.617077354160339,"(0.79707812015481, 0.0)",1433
28,0.6743835648684833,2.2707319080558643,"(0.8248393142524106, 0.0)",1813
29,0.6883432137255285,2.1733823376260264,"(0.8299525960719651, 0.0)",2293
30,0.703782577765331,2.065713765703024,"(0.8392733142667385, 0.0)",2900
31,0.7208198914984242,1.946901667334379,"(0.8491016997822507, 0.0)",3668
32,0.7027150127754289,2.073158579984326,"(0.8425351278269687, 0.0)",4638
33,0.7255680563089988,1.9137896736608253,"(0.8527309319660582, 0.0)",5866
34,0.7482799804889182,1.755404882954981,"(0.8651242961630145, 0.0)",7419
35,0.74272628649285,1.794134347453162,"(0.8626360548864518, 0.0)",9383
36,0.7319096940827055,1.8695653726476666,"(0.8563284521607442, 0.0)",11867
37,0.7509829689858551,1.7365552133287423,"(0.8673096393969961, 0.0)",15008
38,0.7510227372194119,1.73627788397088,"(0.8668358751825035, 0.0)",18980
39,0.7605998437805761,1.6694905872961803,"(0.8726266599868929, 0.0)",24004
40,0.7519817323191671,1.729590197055434,"(0.8689147195831025, 0.0)",26680
41,0.7536437122519657,1.7180001467484525,"(0.868438799636288, 0.0)",30358
42,0.7614556483426206,1.6635225140774277,"(0.8729737635891781, 0.0)",38393
43,0.7624998616696805,1.656240545894174,"(0.873495723573214, 0.0)",48555
44,0.7645038411408869,1.6422655138092024,"(0.8744274922376213, 0.0)",61407
45,0.7636316110803127,1.6483481325471387,"(0.8739700140456955, 0.0)",77660
46,0.7630341412041248,1.6525146725788609,"(0.8735192096518247, 0.0)",98216
47,0.7668693441809441,1.6257693463799026,"(0.8759673004966233, 0.0)",124212
48,0.767757349873855,1.6195767140558812,"(0.8763348845136257, 0.0)",157089
49,0.7623971550620703,1.6569567848363957,"(0.8743086313707652, 0.0)",198668
