,r2,mse,rho,train size
0,0.0003920143959872391,6.734288024334714,"(0.059863177403743154, 3.087743165795148e-22)",2
1,0.0008172245022861624,6.731423414039565,"(0.03500222596122499, 1.4544234290194488e-08)",3
2,-0.002856888464583207,6.7561756522261085,"(0.04008721565879132, 8.54190026966831e-11)",4
3,-0.0005139060569807619,6.74039114610373,"(0.04228034439665015, 7.586655200724385e-12)",5
4,-0.0013594920161397184,6.746087798671857,"(0.034139108580250835, 3.256901206139424e-08)",6
5,-0.007569001345090864,6.78792082213023,"(0.03179653924094781, 2.638699526201811e-07)",8
6,0.0015426315893767306,6.7265363979995625,"(0.07486035119893063, 7.044840728615832e-34)",10
7,0.005785224468990213,6.697954351004364,"(0.12305675008818567, 6.363717932527408e-89)",13
8,0.008117843472991049,6.682239662396223,"(0.09313389988125029, 1.465383291811005e-51)",16
9,0.0023747235726030436,6.720930653389188,"(0.07917945551979093, 1.0390768734392499e-37)",20
10,-0.003469401323330734,6.760302107865537,"(0.06705816484245411, 1.6809372433538453e-27)",26
11,0.059607228189988204,6.335359333433548,"(0.25453631182643804, 0.0)",33
12,0.05755689200985492,6.349172302700084,"(0.26256928200799684, 0.0)",42
13,0.02209285044845999,6.588091032663111,"(0.2397815102677109, 0.0)",53
14,0.09619486589112647,6.08887101605522,"(0.3141974839430618, 0.0)",67
15,0.08879513390883675,6.138722485020336,"(0.3052695434384634, 0.0)",85
16,0.012756136637340876,6.650991810678471,"(0.2976150998954504, 0.0)",108
17,0.15386337553868012,5.700362361168788,"(0.394383538929391, 0.0)",136
18,0.21210208866392422,5.308012285939035,"(0.4711678878302432, 0.0)",173
19,0.26312044519028943,4.964305240452462,"(0.5237695389393602, 0.0)",219
20,0.3108276236975459,4.642905366178662,"(0.5621070710148899, 0.0)",277
21,0.04610472757600248,6.426324721358488,"(0.3782845160998339, 0.0)",350
22,0.16758409511235417,5.607926847606523,"(0.4840178671954866, 0.0)",443
23,0.4245538120869792,3.87674010984428,"(0.6541199637129702, 0.0)",560
24,0.4778835354848494,3.5174615498572352,"(0.6948525434780426, 0.0)",708
25,0.5332451190617145,3.144494492111482,"(0.7361480631979418, 0.0)",896
26,0.5524730485025231,3.014957296700075,"(0.7435192449668225, 0.0)",1133
27,0.6045417824864163,2.664173932861574,"(0.7779052253988731, 0.0)",1433
28,0.6437048525973097,2.4003351102009014,"(0.8043947916854353, 0.0)",1813
29,0.6842243329210583,2.127358248244757,"(0.8272485071884275, 0.0)",2293
30,0.6951964896265913,2.053439607570286,"(0.8364251549014907, 0.0)",2900
31,0.7196679801030497,1.88857691376772,"(0.8487230192189877, 0.0)",3668
32,0.7254443164554991,1.8496621458956675,"(0.8521004129353429, 0.0)",4638
33,0.7170976755832178,1.9058928728197457,"(0.8470997812727794, 0.0)",5866
34,0.7274214980705299,1.8363420137400694,"(0.8531046990189615, 0.0)",7419
35,0.7421278001733552,1.7372667006577494,"(0.8623608094165609, 0.0)",9383
36,0.7386926949462211,1.7604087606718468,"(0.8612772246516547, 0.0)",11867
37,0.7362013950228772,1.7771924713668583,"(0.860916633293499, 0.0)",15008
38,0.745856757031731,1.7121449830681814,"(0.8639536513168977, 0.0)",18980
39,0.7524559258546788,1.6676868512655563,"(0.8713985184021349, 0.0)",24004
40,0.7471965400922684,1.7031189597173053,"(0.8675238114372541, 0.0)",26680
41,0.7591599378585134,1.6225223983974246,"(0.8713582332725618, 0.0)",30358
42,0.749991348768732,1.6842905321024122,"(0.8666414266983488, 0.0)",38393
43,0.7562710619831503,1.641984550052298,"(0.871093794567662, 0.0)",48555
44,0.7609664076131043,1.6103523399246398,"(0.8726522037858311, 0.0)",61407
45,0.7564463515032472,1.6408036370014012,"(0.8702239835189886, 0.0)",77660
46,0.7546876381816665,1.6526519637758246,"(0.8687656360875569, 0.0)",98216
47,0.7555876607603996,1.6465885755667646,"(0.8713463662395098, 0.0)",124212
48,0.7617944344320519,1.604773982037375,"(0.8739511252533645, 0.0)",157089
49,0.7632242975477523,1.5951410957507763,"(0.8748529111526325, 0.0)",198668
