,r2,mse,rho,train size
0,-0.002655664951223047,6.78524809283885,"(0.0059850218116886565, 0.3239708977981181)",2
1,-0.0007284217087248912,6.772205904984426,"(0.03339737487181487, 3.683972416794459e-08)",3
2,0.0011738464374874136,6.759332730511528,"(0.06627632107391228, 7.905530962498478e-28)",4
3,-0.0018517900133379062,6.779808048883749,"(0.020212273161010253, 0.0008644456330242455)",5
4,0.002811844693874299,6.748247943446806,"(0.059552379628829616, 8.97665591379704e-23)",6
5,0.0028915550677266477,6.74770852130911,"(0.09692600493998349, 1.0715273015432796e-57)",8
6,0.004678138261411391,6.735618218893836,"(0.13276244500960055, 4.8465547201637477e-107)",10
7,0.002351330030949228,6.751364373491101,"(0.06745516890426907, 9.046567745603693e-29)",13
8,0.013156750486476354,6.678241105851902,"(0.11885287984229014, 5.089798527369155e-86)",16
9,0.01314899746399567,6.6782935726985375,"(0.1693143981270923, 8.302972999819763e-174)",20
10,0.010635253590561944,6.695304772474615,"(0.1455880808497609, 1.4946004545018637e-128)",26
11,0.029864399437865008,6.565175826169125,"(0.19520937615987727, 1.844195477393498e-231)",33
12,0.024342539781626038,6.602543777112924,"(0.22441450860511963, 3.84092063186894e-307)",42
13,0.012451243238176035,6.683015468455485,"(0.12301070352902027, 4.710990385537861e-92)",53
14,0.047761726089945444,6.444059668570943,"(0.2639372066524055, 0.0)",67
15,0.10265501661543974,6.072581595023252,"(0.33046693766322605, 0.0)",85
16,0.008765986905985623,6.707954616932578,"(0.188852652643706, 1.6967185593590478e-216)",108
17,0.013813523520157966,6.673796541152382,"(0.3116543439948515, 0.0)",136
18,0.05653400464533098,6.384695234280656,"(0.4131419771195097, 0.0)",173
19,0.20906673460537606,5.3524640793235365,"(0.46526847354467216, 0.0)",219
20,0.04699427655045829,6.449253211784414,"(0.41183116626557464, 0.0)",277
21,0.37541542060688793,4.2267365300826745,"(0.620200476324192, 0.0)",350
22,0.4326295404444802,3.839552762931304,"(0.658869414806486, 0.0)",443
23,0.4560839100099259,3.6808305595610977,"(0.6897962592168295, 0.0)",560
24,0.5417278992846237,3.1012540058121854,"(0.7373621815013491, 0.0)",708
25,0.5571146796615093,2.997127408958746,"(0.7491626939020855, 0.0)",896
26,0.5938817128391198,2.7483147303210993,"(0.7710014038953652, 0.0)",1133
27,0.6218268574302865,2.5592022107697887,"(0.7898926934106357, 0.0)",1433
28,0.653813342441496,2.342740823270935,"(0.8102294147909905, 0.0)",1813
29,0.6724543117491965,2.2165922302243932,"(0.8228035073635953, 0.0)",2293
30,0.6972278647354515,2.0489427479257953,"(0.8352610629044098, 0.0)",2900
31,0.7012098196342023,2.02199575821938,"(0.838235486536051, 0.0)",3668
32,0.7046024154248469,1.999037124539926,"(0.8421219909147242, 0.0)",4638
33,0.7096354505045029,1.9649771846530972,"(0.8452981962500419, 0.0)",5866
34,0.7114185473211643,1.9529104755150337,"(0.8441986007623336, 0.0)",7419
35,0.7142536231168854,1.9337247337809491,"(0.8451547165759564, 0.0)",9383
36,0.7224805645918151,1.8780507462855727,"(0.8501215981506373, 0.0)",11867
37,0.7304011834279062,1.824449728777428,"(0.855011421913546, 0.0)",15008
38,0.7264080208592818,1.8514725638845055,"(0.8547317929640282, 0.0)",18980
39,0.7355710114540208,1.7894640732022353,"(0.8590448422776384, 0.0)",24004
40,0.7270418990033864,1.847182935232592,"(0.8536009524361903, 0.0)",26680
41,0.7297518056289869,1.8288442478787226,"(0.8543498121522696, 0.0)",30358
42,0.7398604129552447,1.7604365073359263,"(0.8609069443348064, 0.0)",38393
43,0.735346640630177,1.790982452599862,"(0.858771634449625, 0.0)",48555
44,0.732764682734794,1.8084552755218664,"(0.8582882024869593, 0.0)",61407
45,0.7342915388983934,1.7981226177269234,"(0.8595042675900948, 0.0)",77660
46,0.7285634205531153,1.8368863782445926,"(0.8540662533941682, 0.0)",98216
47,0.7499920978537452,1.6918725944814181,"(0.8662325866330006, 0.0)",124212
48,0.748001964399726,1.7053403777847076,"(0.8654324011567175, 0.0)",157089
49,0.7466259182666342,1.7146524624081703,"(0.8658920342005525, 0.0)",198668
