,r2,mse,rho,train size
0,-0.38834786423102874,9.56574844144048,"(-0.0008810295642755477, 0.8860804487926469)",2
1,-0.5036541650980961,10.360211483610632,"(0.0014840480834635568, 0.8093044620749845)",3
2,-0.30293475504372713,8.977250171563748,"(0.0082791886187554, 0.1782011588236504)",4
3,-0.1641947664888641,8.021328486893438,"(0.03286853773480854, 8.979683109818011e-08)",5
4,-0.039102473247224934,7.159439734123834,"(0.09134436717818827, 4.1391084788094723e-50)",6
5,-0.06072068323474067,7.308389693872827,"(0.09753569858690851, 6.506308510259478e-57)",8
6,0.015711366667315874,6.781771127256128,"(0.12541762901496517, 3.5799267172644144e-93)",10
7,-0.004937861548539368,6.92404478050381,"(0.15864823403545608, 1.3101569814997236e-148)",13
8,-0.0400802729372991,7.166176796284079,"(0.16508952517907596, 6.367935513659468e-161)",16
9,-0.025002450214450356,7.062290253921519,"(0.16941248356488528, 1.780839912038393e-169)",20
10,-0.021031017076434955,7.034926989044601,"(0.18587885539568114, 3.313802909071843e-204)",26
11,0.002948639893281535,6.869706605742905,"(0.1910052638096148, 1.0140334999439798e-215)",33
12,0.04437926837040329,6.584248630840889,"(0.22909526726912233, 5.830186194984e-312)",42
13,0.03856521626547038,6.624307582414976,"(0.23606150852547342, 0.0)",53
14,0.04649102033103436,6.569698611680307,"(0.27320173023883976, 0.0)",67
15,0.1122820911242911,6.116396633757165,"(0.3440109387400946, 0.0)",85
16,0.14654566954560222,5.880319797161629,"(0.3929275385082468, 0.0)",108
17,0.2055861946160118,5.47352923319378,"(0.4600969349786255, 0.0)",136
18,0.22286237181328572,5.354495978375899,"(0.48698871291504897, 0.0)",173
19,0.2761653785787783,4.987237046354915,"(0.5415523516793344, 0.0)",219
20,0.2784115631941847,4.9717607831376185,"(0.5535797990054023, 0.0)",277
21,0.32658986843207116,4.639811161494475,"(0.6053352614642871, 0.0)",350
22,0.3910145077135657,4.19592392784453,"(0.6538355036106361, 0.0)",443
23,0.4361522328376294,3.8849239725164524,"(0.6875951807350442, 0.0)",560
24,0.5343772846609386,3.2081511257417366,"(0.7486292580885923, 0.0)",708
25,0.5786255125254228,2.9032798268143383,"(0.7758851953895632, 0.0)",896
26,0.622284388865711,2.6024691733269503,"(0.7984102316738743, 0.0)",1133
27,0.6426061324077988,2.4624518969487794,"(0.8081101184937036, 0.0)",1433
28,0.6640390367315168,2.3147786974486646,"(0.8185429285099092, 0.0)",1813
29,0.6895121183834447,2.1392685840336965,"(0.832335651198916, 0.0)",2293
30,0.6957492521789359,2.096294589964623,"(0.8362775720909479, 0.0)",2900
31,0.7056725645481681,2.0279227414708116,"(0.841597899017074, 0.0)",3668
32,0.7133209525605044,1.9752251736684794,"(0.8458243141965054, 0.0)",4638
33,0.7196900203224297,1.9313421515623372,"(0.8494177571438509, 0.0)",5866
34,0.7213659906966376,1.9197946774688326,"(0.850634584544458, 0.0)",7419
35,0.7250145282269826,1.8946561706913794,"(0.8526613367930027, 0.0)",9383
36,0.7272468699207562,1.8792752855197776,"(0.8539035607544392, 0.0)",11867
37,0.7284291825646062,1.8711291244447439,"(0.8546199893594609, 0.0)",15008
38,0.7296386335705619,1.8627959794359983,"(0.8556185267205942, 0.0)",18980
39,0.7306714052479311,1.8556801590298282,"(0.856122096552232, 0.0)",24004
40,0.7318244001897638,1.8477359975901921,"(0.8566562229824284, 0.0)",30358
41,0.7321169723314505,1.8457201688627873,"(0.8568535974863385, 0.0)",38393
42,0.7324438714905235,1.8434678262028712,"(0.8571520280573194, 0.0)",48555
43,0.7326728871053882,1.841889903394475,"(0.857380569062236, 0.0)",61407
44,0.7332424177467346,1.8379658242892511,"(0.8575756464776126, 0.0)",77660
45,0.7334183130631646,1.8367539015483108,"(0.8577467906579946, 0.0)",98216
46,0.7337118350340042,1.8347315284763848,"(0.8579194480775376, 0.0)",124212
47,0.733997070665767,1.8327662484696405,"(0.8580427562591674, 0.0)",157089
48,0.7341739693908689,1.8315474122200723,"(0.8581436944637881, 0.0)",198668
