,r2,mse,rho,train size
0,-0.9286962224855644,12.868215279141685,"(-0.010631161003319366, 0.0821091672769491)",2
1,-0.2672710849856419,8.455202508568584,"(0.03193593345214938, 1.7523277000576732e-07)",3
2,-1.0624448396202144,13.760582868454499,"(0.08682557456766149, 6.3581814618632726e-46)",4
3,-0.8486655476260192,12.33425252180273,"(0.07994748298600805, 3.5221781983502e-39)",5
4,-1.6837638524055785,17.906008529755443,"(0.09609517955213093, 6.756673869704672e-56)",6
5,-1.3096830215097857,15.410150131918357,"(0.08846705950253123, 1.2923607449317117e-47)",8
6,-0.5469432099646396,10.321168268156574,"(0.1475759940300833, 4.452731429503911e-130)",10
7,-0.16953471713396762,7.803107789113024,"(0.17201147872650627, 1.0884786645157691e-176)",13
8,-0.05959849769644898,7.069615950323703,"(0.19553394393545742, 1.0287962931667804e-228)",16
9,0.019584380497350784,6.54130967215475,"(0.21934054120173618, 1.0426677420610857e-288)",20
10,0.04225397881665738,6.390058651872996,"(0.22244754704573505, 4.285340788534383e-297)",26
11,0.04063988832792864,6.400827825186463,"(0.2652866920692098, 0.0)",33
12,0.06029899067853994,6.269662762335701,"(0.28208485721016974, 0.0)",42
13,0.08171676272289097,6.126763897157697,"(0.2956046451117014, 0.0)",53
14,0.1116124332477858,5.927300695154398,"(0.34100839668254707, 0.0)",67
15,0.13413671080753842,5.7770192515206755,"(0.37891249712577213, 0.0)",85
16,0.14584681583141745,5.698889709588749,"(0.4075525230360768, 0.0)",108
17,0.1509874075348,5.664591804128009,"(0.4271981605509739, 0.0)",136
18,0.20509648260489266,5.303577343457854,"(0.4752520921499437, 0.0)",173
19,0.2503586445944419,5.001589276238906,"(0.519087014342687, 0.0)",219
20,0.27378299731837585,4.845302552538234,"(0.5476500746229197, 0.0)",277
21,0.30960474492347034,4.606300705340452,"(0.5796755069026388, 0.0)",350
22,0.3942621588601152,4.04146845502981,"(0.6482495749551046, 0.0)",443
23,0.4481541823260211,3.6819021574953505,"(0.6903319845807525, 0.0)",560
24,0.4965562460241756,3.3589647408295478,"(0.7220581384559067, 0.0)",708
25,0.5367633372082652,3.090703985676429,"(0.7460092212148025, 0.0)",896
26,0.5971213468038061,2.687996782623496,"(0.7808696520093075, 0.0)",1133
27,0.6288676606253462,2.476186132604023,"(0.800119215736913, 0.0)",1433
28,0.651696767526066,2.3238708748645682,"(0.813223399800975, 0.0)",1813
29,0.6700292943238038,2.201556692520236,"(0.8216371561075202, 0.0)",2293
30,0.6843425381362953,2.1060590705647066,"(0.8295712651034977, 0.0)",2900
31,0.6969733705991448,2.0217864570801156,"(0.8363753528983444, 0.0)",3668
32,0.7028541054281059,1.9825503343064128,"(0.8396704736944299, 0.0)",4638
33,0.7093896482849695,1.9389453479598362,"(0.8432967067333217, 0.0)",5866
34,0.7140353701061013,1.9079492025718983,"(0.8457563444066458, 0.0)",7419
35,0.7175689088754611,1.8843735160271722,"(0.8475347569292775, 0.0)",9383
36,0.7192726440293065,1.8730062356422552,"(0.8485060928495504, 0.0)",11867
37,0.7215140864052757,1.8580513854727503,"(0.8497711069324639, 0.0)",15008
38,0.7229787685215522,1.8482790612632565,"(0.8506220911276513, 0.0)",18980
39,0.7245448483297465,1.8378302140673044,"(0.8515393106624961, 0.0)",24004
40,0.7253367898528227,1.8325463990794255,"(0.851947340767444, 0.0)",30358
41,0.7260769394728742,1.8276081384354945,"(0.8523948613346501, 0.0)",38393
42,0.726428044274842,1.825265575555665,"(0.8526353741437234, 0.0)",48555
43,0.7268102073680263,1.8227157924962576,"(0.8528148041374496, 0.0)",61407
44,0.7271464103139373,1.8204726544452638,"(0.8529848558678498, 0.0)",77660
45,0.7274325392517909,1.8185636089838968,"(0.8531801922465968, 0.0)",98216
46,0.727428610276357,1.8185898230144526,"(0.8531826150447239, 0.0)",124212
47,0.727534808438173,1.8178812714071202,"(0.8532355223660302, 0.0)",157089
48,0.7276833097383111,1.8168904742680325,"(0.8533163445197851, 0.0)",198668
