,r2,mse,rho,train size
0,-1.7200064515798412,17.947748899740265,"(0.017207674230986552, 0.00473085147646483)",2
1,-0.8141710011026757,11.970664837971063,"(0.0972963241870511, 1.106255029186478e-57)",3
2,-0.03384224147255366,6.821726816536332,"(0.09036391796651533, 5.691415383834996e-50)",4
3,-0.15385473012350337,7.6136197952787565,"(0.0888547962668361, 2.2791145341858304e-48)",5
4,-0.3054741569453052,8.614068672648035,"(0.08601919184940526, 1.9744594386255228e-45)",6
5,-0.05184913357057597,6.94054387950775,"(0.13247396689805335, 9.335987825831026e-106)",8
6,-0.3549251248060634,8.94036699944006,"(0.14748554590967797, 6.934869848088044e-131)",10
7,-0.11803985856696708,7.3772981787620715,"(0.161700508530474, 2.8475980851314958e-157)",13
8,-0.03209104150900943,6.81017166114298,"(0.16461751052670145, 5.308610291972648e-163)",16
9,0.04211059300906428,6.320558004709491,"(0.21547047546946566, 1.5695897132175605e-280)",20
10,0.03744013331475249,6.351375666112896,"(0.2437045328513464, 0.0)",26
11,0.0388915813412416,6.341798400329089,"(0.2641940822165455, 0.0)",33
12,0.055761741720277036,6.23048197230907,"(0.25528042604496665, 0.0)",42
13,0.049444293680177775,6.272167156932437,"(0.2718079034429208, 0.0)",53
14,0.08916932138989087,6.010044682202629,"(0.3261897675316335, 0.0)",67
15,0.1288766053581949,5.748039288156642,"(0.37422548388137605, 0.0)",85
16,0.14493861306902878,5.64205539203305,"(0.40017387570086244, 0.0)",108
17,0.16995924287299957,5.476958731775425,"(0.43852631155053634, 0.0)",136
18,0.20059493865473887,5.274811499756865,"(0.4771433971429977, 0.0)",173
19,0.2616731911203515,4.871791448884909,"(0.5417389348545557, 0.0)",219
20,0.29992034941575996,4.619420579390867,"(0.5812064444117487, 0.0)",277
21,0.35741732431446804,4.240031307215682,"(0.6259449683877185, 0.0)",350
22,0.37667461410744796,4.112963593279494,"(0.6446830692448825, 0.0)",443
23,0.42058452090025944,3.8232275226644243,"(0.6737161025714019, 0.0)",560
24,0.5240781174334128,3.1403331559142273,"(0.7413081407538553, 0.0)",708
25,0.5652201461259563,2.8688607115121942,"(0.7639222586266828, 0.0)",896
26,0.6064650559026246,2.596709414358422,"(0.7865170134139515, 0.0)",1133
27,0.6346185110540299,2.4109410521458847,"(0.80210420264756, 0.0)",1433
28,0.6646755172051422,2.2126122581958607,"(0.8187748838085325, 0.0)",1813
29,0.6782229957009435,2.1232202855679847,"(0.8254414375684006, 0.0)",2293
30,0.6865263063641295,2.068431542426276,"(0.8305505033663019, 0.0)",2900
31,0.694330488992442,2.0169362564135116,"(0.8350584957939136, 0.0)",3668
32,0.7012388237208653,1.9713521523945368,"(0.8385051222839867, 0.0)",4638
33,0.7038813512102498,1.9539156423404573,"(0.8398979869059701, 0.0)",5866
34,0.7066484354020031,1.9356572546703907,"(0.8415119041927621, 0.0)",7419
35,0.70998182841932,1.9136621227014194,"(0.8432006689477447, 0.0)",9383
36,0.712692046090095,1.8957789643028593,"(0.8445389687902825, 0.0)",11867
37,0.71343420624361,1.8908818788305273,"(0.8449205560316394, 0.0)",15008
38,0.715092310293316,1.879941009511456,"(0.8458687022673479, 0.0)",18980
39,0.7162209914842721,1.872493495336857,"(0.8465726689562799, 0.0)",24004
40,0.7174890226881725,1.8641264910485327,"(0.8473220790417906, 0.0)",30358
41,0.7183418406755273,1.858499238552372,"(0.8477784770818739, 0.0)",38393
42,0.7191498981353133,1.8531673348811966,"(0.8481827294205639, 0.0)",48555
43,0.7198505206931765,1.8485443319707737,"(0.8485613907912906, 0.0)",61407
44,0.7202377644024198,1.8459891347753887,"(0.8487996972430977, 0.0)",77660
45,0.7206415193235745,1.8433249896452517,"(0.8490328657245328, 0.0)",98216
46,0.7207923662475163,1.8423296380674519,"(0.8491289356481946, 0.0)",124212
47,0.7209483012720104,1.8413007130578551,"(0.8492317019430086, 0.0)",157089
48,0.721104848328149,1.8402677496055297,"(0.849327655264007, 0.0)",198668
