,r2,mse,rho,train size
0,-0.21740066432443594,8.390796254085537,"(0.05553370370437145, 1.1323895602377458e-19)",2
1,-0.12345902281777499,7.743314125353372,"(0.05908841599454451, 4.57658098010102e-22)",3
2,-0.03513548701649394,7.134554154156678,"(0.09316133616812479, 1.749946975176188e-52)",4
3,-0.072553273187969,7.392452009188664,"(0.09201996436379281, 3.0394109529516535e-51)",5
4,-0.1572454539967234,7.976183277213542,"(0.09845555941906653, 1.9523457413432224e-58)",6
5,-0.1867868274199076,8.179793849085003,"(0.09270526012860557, 5.498783356382544e-52)",8
6,-0.19299691834028665,8.222596197694829,"(0.09874376017946, 9.056859472745986e-59)",10
7,-0.10360452855109115,7.606469271393889,"(0.052254315900612504, 1.3569232008637284e-17)",13
8,-0.07969880383327466,7.441701770199232,"(0.07702907802149296, 2.1866439615909947e-36)",16
9,-0.05569756444433205,7.276275944947274,"(0.07444881075183743, 4.272337412219619e-34)",20
10,-0.06453405907964793,7.337180483821006,"(0.07619330247966377, 1.2312813952863124e-35)",26
11,-0.009661722966090247,6.958979119383555,"(0.13496462577426313, 1.287567873801807e-108)",33
12,-0.0024577113177246535,6.909326284680168,"(0.17348003911126939, 3.2184708215588976e-179)",42
13,0.021852835601311793,6.741768592294467,"(0.21838112899111087, 2.5070203388205792e-285)",53
14,0.01877359538506962,6.762991906876945,"(0.26417988839710227, 0.0)",67
15,0.029342270929016756,6.690148507194715,"(0.2804933905723237, 0.0)",85
16,0.06052940593373557,6.475194709943035,"(0.32520802539876065, 0.0)",108
17,0.11685895925702783,6.086949640862449,"(0.3989546549105274, 0.0)",136
18,0.14435201731776837,5.897456850732068,"(0.43067990954824303, 0.0)",173
19,0.15998753715164082,5.789690800410796,"(0.4629884922479243, 0.0)",219
20,0.25593456945191473,5.128386742668626,"(0.5479687945810201, 0.0)",277
21,0.3267702595016574,4.640159768474577,"(0.6032724453857332, 0.0)",350
22,0.39742016647117107,4.1532132831280695,"(0.6548016671869641, 0.0)",443
23,0.4261251888123918,3.955367166403783,"(0.6740455197174382, 0.0)",560
24,0.5058905060361045,3.4055937478570795,"(0.7273865327921579, 0.0)",708
25,0.5319881539040728,3.225718664502735,"(0.7449708973013117, 0.0)",896
26,0.5816528485411736,2.883410379372516,"(0.7728144836409016, 0.0)",1133
27,0.6134812537695578,2.664036699703922,"(0.7892314650180647, 0.0)",1433
28,0.6626438204223032,2.325189274858791,"(0.8176452573356466, 0.0)",1813
29,0.6725182109769204,2.2571311558638936,"(0.8229331541724274, 0.0)",2293
30,0.6787127212932598,2.214436194803495,"(0.8258783388935654, 0.0)",2900
31,0.6884146305937904,2.1475668833253847,"(0.8307828382100231, 0.0)",3668
32,0.6946000313535261,2.104934708852563,"(0.8341040723710956, 0.0)",4638
33,0.6993726483888312,2.0720399862558367,"(0.8367003171786015, 0.0)",5866
34,0.7027418445422853,2.048818183202715,"(0.8386212882165491, 0.0)",7419
35,0.7045425111233015,2.0364072926507273,"(0.8395774108072709, 0.0)",9383
36,0.706540801915059,2.022634299599703,"(0.8407288782747616, 0.0)",11867
37,0.7082596945736087,2.010787026550499,"(0.8417517694138004, 0.0)",15008
38,0.7094714673215806,2.0024350200727232,"(0.8424499044617455, 0.0)",18980
39,0.7105645247562264,1.9949012454520108,"(0.8430932944052105, 0.0)",24004
40,0.7114894758521724,1.988526124739076,"(0.8435754366435695, 0.0)",30358
41,0.712645077019394,1.9805612745223058,"(0.8442771924899146, 0.0)",38393
42,0.7131626852306301,1.9769937185259947,"(0.8445817233093493, 0.0)",48555
43,0.7136432182800061,1.973681698885439,"(0.8448536156652191, 0.0)",61407
44,0.7140180437670207,1.9710982566510589,"(0.8450650297328106, 0.0)",77660
45,0.7143778192754796,1.9686185446900308,"(0.8452878984328402, 0.0)",98216
46,0.7145829694582057,1.9672045702811225,"(0.8454057102866528, 0.0)",124212
47,0.7146164241302458,1.966973987741567,"(0.8454245321896872, 0.0)",157089
48,0.7149052186015752,1.964983504543026,"(0.8456029830348795, 0.0)",198668
