,r2,mse,rho,train size
0,-0.5894334440861726,10.842073140843558,"(0.050132538085031035, 2.2895927580595696e-16)",2
1,-0.08682138667304407,7.413583128746167,"(0.038765279241204105, 2.2443011891035357e-10)",3
2,-0.13329743233361446,7.730612248917223,"(0.10564406293938326, 2.8032918416206525e-67)",4
3,-0.0463561569115456,7.137555854771542,"(0.11403934464098489, 3.689738595385846e-78)",5
4,-0.10310964150444457,7.524690926858643,"(0.11714320287490755, 2.1352580242562023e-82)",6
5,0.016777256075658498,6.706901092985091,"(0.13748149764908532, 4.6774341361023515e-113)",8
6,0.01276589137250439,6.734263993689121,"(0.13530540417799516, 1.5543599927833566e-109)",10
7,-0.042730619221306165,7.112824813054309,"(0.17821016772153117, 8.005955820135053e-190)",13
8,-0.09451336289869539,7.4660527487522375,"(0.19736839726464225, 3.284740068501609e-233)",16
9,-0.03395007752976231,7.052929712954235,"(0.20161426187232376, 1.802480282820303e-243)",20
10,0.02241671559242786,6.6684323966183845,"(0.23643756543854788, 0.0)",26
11,0.037647717704256456,6.564536483568856,"(0.2540035698105262, 0.0)",33
12,0.05391925425367239,6.453542726617865,"(0.2613496921218462, 0.0)",42
13,0.07651071126077913,6.299438614778128,"(0.29751271907717153, 0.0)",53
14,0.08320068484984589,6.253803999983248,"(0.31334604133880023, 0.0)",67
15,0.11435109718151815,6.041316304997313,"(0.36908477339323353, 0.0)",85
16,0.12229781791625316,5.987108984925857,"(0.4160077743095099, 0.0)",108
17,0.15178807250913884,5.785945797862059,"(0.45418091998531995, 0.0)",136
18,0.197774312833207,5.472257808647378,"(0.4924684243062274, 0.0)",173
19,0.21307511618469566,5.367885757293015,"(0.5159961554403806, 0.0)",219
20,0.25659912541713414,5.070993494684211,"(0.5539408400392668, 0.0)",277
21,0.31237825346372106,4.690504844301448,"(0.5919450894990956, 0.0)",350
22,0.35316696369916245,4.412270998563045,"(0.6291743655147136, 0.0)",443
23,0.4109412904773504,4.01817241021212,"(0.6717219451168882, 0.0)",560
24,0.463367001477871,3.6605585728770387,"(0.7095740586756858, 0.0)",708
25,0.5123288922313147,3.326572646861725,"(0.7370677734942505, 0.0)",896
26,0.5506223034034522,3.065360095757131,"(0.7576692866004396, 0.0)",1133
27,0.5784079482129842,2.875824639326838,"(0.7714502133092845, 0.0)",1433
28,0.6352927423453902,2.487793859629757,"(0.8032670912606006, 0.0)",1813
29,0.6591514627733863,2.325045307376915,"(0.8157702525775024, 0.0)",2293
30,0.6764610472235815,2.206970668048734,"(0.8246566908936672, 0.0)",2900
31,0.6823603287907123,2.1667296359581854,"(0.8275164440507528, 0.0)",3668
32,0.6888269920109857,2.122618298127542,"(0.8309131121368794, 0.0)",4638
33,0.6951471167960415,2.0795065494514415,"(0.8342959512218786, 0.0)",5866
34,0.7000586899781105,2.0460030165575462,"(0.8370043085215484, 0.0)",7419
35,0.7033351252124346,2.023653322970847,"(0.8389106485568307, 0.0)",9383
36,0.7065230148993614,2.0019076290701663,"(0.8407116373981077, 0.0)",11867
37,0.7074347355149363,1.9956884686297864,"(0.8412272187267629, 0.0)",15008
38,0.7088173623293643,1.9862570947623905,"(0.8420242333960424, 0.0)",18980
39,0.7097851875494764,1.9796552254843462,"(0.8425576084109525, 0.0)",24004
40,0.7105964127214327,1.9741215790892934,"(0.8430324308216868, 0.0)",30358
41,0.7110247735422728,1.9711995823441637,"(0.8432861226749431, 0.0)",38393
42,0.7112885814638752,1.9694000576193067,"(0.843426469581747, 0.0)",48555
43,0.7115469746318459,1.9676374687945553,"(0.8435792422644491, 0.0)",61407
44,0.7119846415062561,1.9646519922517445,"(0.8438287147350685, 0.0)",77660
45,0.7123443150220435,1.9621985352797007,"(0.8440400783047053, 0.0)",98216
46,0.7124683816033706,1.961352234382933,"(0.8440948976105325, 0.0)",124212
47,0.7126398995820507,1.960182251156056,"(0.844206437567824, 0.0)",157089
48,0.7127779548012493,1.9592405289407622,"(0.844293728410071, 0.0)",198668
