,r2,mse,rho,train size
0,-0.12513089373199837,7.678360465407434,"(-0.004453132404950488, 0.4729609415654198)",2
1,0.0004409298988637955,6.821406193235442,"(0.03354431712481864, 6.390374034593116e-08)",3
2,-0.017737309855836214,6.9454620504168325,"(0.08770578434565746, 1.57565628628137e-45)",4
3,0.009937043165457626,6.756600772739529,"(0.10544071310753439, 4.124152393878918e-65)",5
4,-0.006101420197492935,6.866053907213054,"(0.12504484134300245, 5.153885094919077e-91)",6
5,0.019797861431185004,6.689306453874115,"(0.15721539699813505, 2.211094220925475e-143)",8
6,-0.012473537752756947,6.909539883635741,"(0.16790741883039445, 1.5051228638788988e-163)",10
7,0.02426289899362577,6.6588351832984,"(0.19918168216489818, 1.1999524364934673e-230)",13
8,0.05796029148021542,6.42887018305019,"(0.25268011301829746, 0.0)",16
9,0.05852722964392132,6.425001161581861,"(0.25470999823283685, 0.0)",20
10,0.05232672720890452,6.467315965155316,"(0.2660537267771016, 0.0)",26
11,0.0679446097897316,6.360733048598619,"(0.2788363102797308, 0.0)",33
12,0.07575790254876968,6.307411894091292,"(0.3070693041452954, 0.0)",42
13,0.0634302236152926,6.3915410945962,"(0.3130367932570576, 0.0)",53
14,0.1085876328341926,6.083368181028317,"(0.35950943824055176, 0.0)",67
15,0.11202902337198273,6.059882702850976,"(0.37144278362981364, 0.0)",85
16,0.13720674464767868,5.8880594770117956,"(0.4052963165167615, 0.0)",108
17,0.1829375659930259,5.575973360965316,"(0.4575038270897071, 0.0)",136
18,0.2303135136462373,5.252660219802667,"(0.5129132498227449, 0.0)",173
19,0.26999143031320283,4.981881638943676,"(0.5498058554066291, 0.0)",219
20,0.305140500042953,4.742009790332745,"(0.5823852297315484, 0.0)",277
21,0.36190674053859073,4.354613391194017,"(0.6306949207111532, 0.0)",350
22,0.42633844821149425,3.914904660707274,"(0.669999759461624, 0.0)",443
23,0.45860316325662065,3.694716846284728,"(0.6947417887932841, 0.0)",560
24,0.4873814600664331,3.4983217977466166,"(0.7185892405302742, 0.0)",708
25,0.5312057630040787,3.1992465550570226,"(0.7427245400134341, 0.0)",896
26,0.5725773841691943,2.916909431337705,"(0.7640083892003442, 0.0)",1133
27,0.6323122978233462,2.509253573728823,"(0.7996409323408527, 0.0)",1433
28,0.6646124214060203,2.2888241167415235,"(0.8173616914604651, 0.0)",1813
29,0.6781243150416778,2.196613343325915,"(0.8244452391181851, 0.0)",2293
30,0.6870759244105022,2.1355238435510335,"(0.8294429754455399, 0.0)",2900
31,0.692415422884588,2.0990848885663977,"(0.8324841274709516, 0.0)",3668
32,0.6973249009363668,2.065580571523315,"(0.8353598453486869, 0.0)",4638
33,0.7015557564208912,2.0367074566988967,"(0.8377599472138667, 0.0)",5866
34,0.7043884096961883,2.017376254398422,"(0.8394230983638532, 0.0)",7419
35,0.7077585519025666,1.994377004422782,"(0.8413876518840735, 0.0)",9383
36,0.7099470842080617,1.979441551112065,"(0.8426743833713508, 0.0)",11867
37,0.7111971470571186,1.9709106031015313,"(0.8434050974384568, 0.0)",15008
38,0.7126340557143778,1.9611045417021282,"(0.8442368967431215, 0.0)",18980
39,0.7134382126546505,1.9556166407898248,"(0.8447042729530714, 0.0)",24004
40,0.714329238482994,1.9495359105102423,"(0.8452410640720005, 0.0)",30358
41,0.715264816702674,1.9431511362103748,"(0.8458056956502293, 0.0)",38393
42,0.715602408265567,1.9408472711895015,"(0.8459901606291276, 0.0)",48555
43,0.7160990500719127,1.937457981256608,"(0.8462756556998888, 0.0)",61407
44,0.7163212253630362,1.9359417648045876,"(0.8464132825700698, 0.0)",77660
45,0.7165241962685374,1.9345566070552895,"(0.8465314266047342, 0.0)",98216
46,0.7167860958087251,1.932769295830889,"(0.8466811027360229, 0.0)",124212
47,0.7171604800571943,1.9302143422443052,"(0.8469000644114149, 0.0)",157089
48,0.7175409903790928,1.9276175817885919,"(0.8471172539757289, 0.0)",198668
