,r2,mse,rho,train size
0,-0.34365655357749536,9.230828864749267,"(-0.01966366121765854, 0.0013335874650909263)",2
1,-0.2537766335967737,8.613359945693718,"(-0.019498016000848918, 0.0014645510012377787)",3
2,-0.03907618166909588,7.138382486869142,"(0.02240174457130332, 0.00025663226228969487)",4
3,-0.07821687961590662,7.407276411757826,"(0.031392136567183246, 3.003395433656268e-07)",5
4,-0.03545066522507834,7.113475436215495,"(0.037726641072535295, 7.380569968006772e-10)",6
5,-0.03683279577836318,7.122970578833707,"(0.07826330166487447, 1.88561663979073e-37)",8
6,0.0012009520314427702,6.861681325874988,"(0.07003961250888115, 2.5851768070654203e-30)",10
7,-0.05767259703822658,7.266138591889575,"(0.09530861398294495, 9.044299617809826e-55)",13
8,0.01907357095654938,6.738897653050798,"(0.1572147360362724, 6.507903230502351e-147)",16
9,0.01626270226392934,6.758208129224024,"(0.16312466822512817, 3.671971118499654e-158)",20
10,0.00323426956425954,6.847712573128498,"(0.1703823822018951, 1.4222549409548636e-172)",26
11,0.034636988118931344,6.631978038812959,"(0.22581351603314564, 5.971835855547601e-305)",33
12,0.05366137307929797,6.501281811894936,"(0.260614411659484, 0.0)",42
13,0.07031985576605171,6.386839172205206,"(0.2963515694024723, 0.0)",53
14,0.11364979097326555,6.089165473108857,"(0.354484806273363, 0.0)",67
15,0.11655403600378789,6.069213507863965,"(0.36262631299404646, 0.0)",85
16,0.1361519866171168,5.934576924036211,"(0.3876895896056242, 0.0)",108
17,0.1728919339051448,5.682175992404737,"(0.4334223462273423, 0.0)",136
18,0.19649211087669527,5.520044386510245,"(0.46630819693379066, 0.0)",173
19,0.2341509303825735,5.2613308654235516,"(0.5034492451497149, 0.0)",219
20,0.28098493432574756,4.939584453143282,"(0.5479258679053802, 0.0)",277
21,0.31535564791318904,4.703459995416155,"(0.5852271049234572, 0.0)",350
22,0.3619488469753426,4.383367896241849,"(0.6233066413433415, 0.0)",443
23,0.41190619613924206,4.04016431535604,"(0.6618297174689343, 0.0)",560
24,0.4550965465756748,3.7434495541130994,"(0.6907218023366438, 0.0)",708
25,0.5304036979789613,3.226094561094485,"(0.7387129520786553, 0.0)",896
26,0.5702820053800278,2.9521333095715314,"(0.7637875746027548, 0.0)",1133
27,0.6135124351544587,2.6551432060105786,"(0.789370249721672, 0.0)",1433
28,0.6388423121411626,2.481128679004494,"(0.801907123888588, 0.0)",1813
29,0.654395229566252,2.3742811972456095,"(0.8096935518183859, 0.0)",2293
30,0.6692418987179426,2.27228559294783,"(0.8186420929741886, 0.0)",2900
31,0.6798692435197595,2.199276459109972,"(0.8249846548278048, 0.0)",3668
32,0.6876617192096528,2.1457426826887525,"(0.8295213797726815, 0.0)",4638
33,0.6928250367019764,2.1102710437352523,"(0.8325451395485242, 0.0)",5866
34,0.6973420716752228,2.0792393216012677,"(0.8351541094361048, 0.0)",7419
35,0.7008757647913113,2.0549630909467096,"(0.8372422662274537, 0.0)",9383
36,0.7022275856994604,2.045676173522989,"(0.8380288782398242, 0.0)",11867
37,0.7037154204282089,2.035454850430015,"(0.8388955843421433, 0.0)",15008
38,0.7042753452290902,2.0316082052435624,"(0.8392259322453687, 0.0)",18980
39,0.7056807259231095,2.0219533357445267,"(0.840075915424664, 0.0)",24004
40,0.7063565758606429,2.017310292777177,"(0.8404867436828116, 0.0)",30358
41,0.7067353460275134,2.0147081675688074,"(0.8407011488061082, 0.0)",38393
42,0.7074395983475824,2.009870002170923,"(0.8411213277372903, 0.0)",48555
43,0.7072897884156635,2.010899186183832,"(0.841032153692481, 0.0)",61407
44,0.7077495813929959,2.007740439794609,"(0.8413068205086219, 0.0)",77660
45,0.7080462440533669,2.0057023875548796,"(0.8414843101557692, 0.0)",98216
46,0.7082126096499463,2.004559467255107,"(0.8415803350245152, 0.0)",124212
47,0.7085002440848066,2.00258343830877,"(0.8417517014123054, 0.0)",157089
48,0.7085118754655111,2.0025035315167714,"(0.8417573721396863, 0.0)",198668
