,r2,mse,rho,train size
0,-0.38587772203166537,9.370888104454396,"(0.06608389231588692, 3.947192473873685e-27)",2
1,-0.5383246595972535,10.40168842044449,"(0.05716093796434075, 1.0760441990003158e-20)",3
2,-0.04604231186148611,7.073023327490075,"(0.10108590324685525, 2.4087709087428204e-61)",4
3,-0.08670311585906365,7.347959448073552,"(0.09612557178410004, 1.2794739709702538e-55)",5
4,-0.30119590452822886,8.798295137779663,"(0.11410769399317514, 9.12263228848059e-78)",6
5,-0.24443152021862713,8.414471453173693,"(0.12289772286950285, 5.347890688593199e-90)",8
6,-0.43547243217755294,9.706232609934037,"(0.10958254186048574, 7.870640170358526e-72)",10
7,-0.23636743434705432,8.35994453123397,"(0.1267372265359924, 1.239692960365949e-95)",13
8,-0.20228520751094403,8.12949076972634,"(0.18309917745233292, 3.4781005868517945e-199)",16
9,-0.2173135856100028,8.231108139945164,"(0.18613404457277985, 6.855156592098357e-206)",20
10,-0.13114356909059555,7.6484524193678896,"(0.19617109555329976, 6.566737072946718e-229)",26
11,-0.10547408325415186,7.47488308085543,"(0.2231205957401854, 3.214465965377925e-297)",33
12,-0.009771800758390015,6.827773046289063,"(0.2673802716967322, 0.0)",42
13,0.03650576240550385,6.5148580904732425,"(0.2801387832406893, 0.0)",53
14,0.07354517931335725,6.264408699607141,"(0.294535337887081, 0.0)",67
15,0.106504290792925,6.041549106161558,"(0.3313228133122364, 0.0)",85
16,0.11456031636426944,5.987076685546396,"(0.3475614470052828, 0.0)",108
17,0.15634740502047784,5.704524967033889,"(0.40785292435449555, 0.0)",136
18,0.20525845757722883,5.3738031484390385,"(0.46964633280525403, 0.0)",173
19,0.22435104542355955,5.2447048149510405,"(0.501016825172642, 0.0)",219
20,0.26905103104548767,4.942456963733876,"(0.5485629195370911, 0.0)",277
21,0.3736276643732148,4.235341239398496,"(0.6326930571366749, 0.0)",350
22,0.4290345716685833,3.8606964058574653,"(0.676233773668763, 0.0)",443
23,0.4772682051667426,3.534555091081221,"(0.7124880734907546, 0.0)",560
24,0.5290806932386698,3.1842146386611954,"(0.7442744971698794, 0.0)",708
25,0.5472984289763738,3.061031791862649,"(0.7580819166507767, 0.0)",896
26,0.579558710152309,2.842897478631357,"(0.7756859452323891, 0.0)",1133
27,0.6354066009383843,2.465270847431246,"(0.8044634032635726, 0.0)",1433
28,0.665681210285534,2.2605630495583497,"(0.8200500279290455, 0.0)",1813
29,0.6835000887260132,2.140077155775586,"(0.8288159944533517, 0.0)",2293
30,0.6955412706938302,2.058658306859845,"(0.8354074989752268, 0.0)",2900
31,0.7030020401682677,2.008210828841662,"(0.8392624037248251, 0.0)",3668
32,0.7093926616158661,1.9649993697415187,"(0.8430432075907072, 0.0)",4638
33,0.7150789051075908,1.9265507024106674,"(0.8461333169327185, 0.0)",5866
34,0.7178978660785773,1.9074897366342534,"(0.8476601000492231, 0.0)",7419
35,0.719711452018699,1.8952268142692286,"(0.8487193388407643, 0.0)",9383
36,0.7228271787941882,1.8741592074284463,"(0.8504868973958496, 0.0)",11867
37,0.724427415151255,1.8633388907407886,"(0.8515345962610928, 0.0)",15008
38,0.7265487352149483,1.8489951628385441,"(0.8526920620118086, 0.0)",18980
39,0.7277566848016517,1.8408273712413001,"(0.8533774341768172, 0.0)",24004
40,0.7286505090480608,1.8347836006654439,"(0.8538585316520355, 0.0)",30358
41,0.7291952061834532,1.831100522551528,"(0.854193556810305, 0.0)",38393
42,0.7298606012469134,1.8266013213696222,"(0.8545450238957114, 0.0)",48555
43,0.7301950325675894,1.8243399974195655,"(0.8547316155560949, 0.0)",61407
44,0.7305581962175323,1.821884394105422,"(0.8549320851984897, 0.0)",77660
45,0.7307653648483858,1.8204835821668066,"(0.8550656120900749, 0.0)",98216
46,0.7308933887296765,1.819617923207722,"(0.8551356497515331, 0.0)",124212
47,0.7309580353747358,1.8191808020479345,"(0.8551645599554625, 0.0)",157089
48,0.7310146651441622,1.8187978885886587,"(0.8551974011131978, 0.0)",198668
