,r2,mse,rho,train size
0,-0.34157473677268,9.029077766063535,"(0.006432361943182929, 0.29365737301308914)",2
1,-0.12044273783183912,7.540813295755279,"(0.019217333462269087, 0.0017031772649061256)",3
2,-0.11119075332678752,7.478545510519934,"(0.018129436923492788, 0.003076576144292227)",4
3,-0.2785894784495069,8.605173841870982,"(0.050975320989952125, 8.261103242670918e-17)",5
4,-0.03415446710498116,6.960075238204961,"(0.06927161028432754, 1.0141448263625672e-29)",6
5,-0.002702584708812683,6.748397510337752,"(0.11876880963626957, 2.4633529026434906e-84)",8
6,0.004795489928213104,6.697933904294964,"(0.1194127022441896, 3.081850275596816e-85)",10
7,-0.03250779387774827,6.9489927839693175,"(0.13416916231939402, 2.6682602640418e-107)",13
8,-0.03253032934641209,6.949144452373232,"(0.18327690622562975, 4.7483848452219304e-200)",16
9,0.010264639177459567,6.661125389247605,"(0.18226785571951723, 7.71793689523454e-198)",20
10,0.030892997980411674,6.522292232426111,"(0.20285806148809454, 1.4908063283974002e-245)",26
11,0.06076983546998782,6.321214885258433,"(0.26418155139560295, 0.0)",33
12,0.0741419064300034,6.23121805893048,"(0.30494101172009563, 0.0)",42
13,0.05710065566269418,6.345909230574908,"(0.3246582122402235, 0.0)",53
14,0.0667816993268624,6.280753787717727,"(0.33389514046415975, 0.0)",67
15,0.10363975274776227,6.032691401388355,"(0.3663655240312877, 0.0)",85
16,0.12989110680324745,5.85601431383255,"(0.4000174133438314, 0.0)",108
17,0.15331411817417406,5.698372562399271,"(0.4334828691923098, 0.0)",136
18,0.20979038205007483,5.318275528298191,"(0.4906998358236684, 0.0)",173
19,0.2671014010701237,4.932560417987457,"(0.543910935144958, 0.0)",219
20,0.3262439699803982,4.53451859494281,"(0.6017183067337342, 0.0)",277
21,0.3719768741047348,4.226726612514827,"(0.6427520526887596, 0.0)",350
22,0.4589223901084927,3.6415651571814065,"(0.7082851114491417, 0.0)",443
23,0.5036582420997266,3.3404835435460405,"(0.7351130979981614, 0.0)",560
24,0.5119922530325405,3.2843939118967307,"(0.7462134636955997, 0.0)",708
25,0.5636425274041483,2.936776793627466,"(0.7751671603702388, 0.0)",896
26,0.6091153388202055,2.630735289368958,"(0.7995504889062239, 0.0)",1133
27,0.6394794220051045,2.4263786770558804,"(0.8130184490572342, 0.0)",1433
28,0.6572941604416489,2.306481772085393,"(0.8191268773345204, 0.0)",1813
29,0.6776404395610187,2.169547070362582,"(0.827892123823405, 0.0)",2293
30,0.6856484101423224,2.1156517582751797,"(0.8309542959029896, 0.0)",2900
31,0.6920274029477687,2.072719806345248,"(0.8336846100222575, 0.0)",3668
32,0.7011748950474035,2.011155276790418,"(0.8386662137982702, 0.0)",4638
33,0.7081531271361236,1.9641903195117323,"(0.842019617340616, 0.0)",5866
34,0.7123283632689579,1.9360901095855019,"(0.844241318179064, 0.0)",7419
35,0.7154948454214141,1.9147790243244924,"(0.846038216353943, 0.0)",9383
36,0.7173819543767533,1.9020783874954308,"(0.8471380436722208, 0.0)",11867
37,0.7205825511132005,1.8805377039695104,"(0.8489600131711328, 0.0)",15008
38,0.7218692292577378,1.871878091717964,"(0.8496598329487979, 0.0)",18980
39,0.7230054143671858,1.8642313289781351,"(0.8503309820541427, 0.0)",24004
40,0.7238819229780328,1.8583322432298448,"(0.850853026842072, 0.0)",30358
41,0.7245489568656716,1.8538429660550386,"(0.8512379683882607, 0.0)",38393
42,0.7247573987407306,1.8524401087650004,"(0.851344088075142, 0.0)",48555
43,0.7251669759146863,1.8496835689662963,"(0.8515854829147204, 0.0)",61407
44,0.7252791272348285,1.8489287671924004,"(0.8516568939978221, 0.0)",77660
45,0.7254241792730404,1.8479525367243965,"(0.8517553388655987, 0.0)",98216
46,0.7254136684859869,1.8480232765133078,"(0.8517433189645295, 0.0)",124212
47,0.725557111924845,1.8470578722544317,"(0.8518188996896596, 0.0)",157089
48,0.7257029329452656,1.846076466375791,"(0.8518994546530467, 0.0)",198668
