,r2,mse,rho,train size
0,-0.21441633990776365,8.468902779981525,"(-0.00886840119453683, 0.146321724994907)",2
1,-0.05080786337831533,7.327956107760346,"(0.012907672681605996, 0.03448727792480525)",3
2,-0.045539337853955475,7.2912153056207405,"(0.013919024428703497, 0.022607291052994118)",4
3,-0.1482586386797966,8.007542765763278,"(-0.0028715038602737265, 0.6381085074636385)",5
4,-0.033522960275404357,7.207417410174085,"(0.032110928315862014, 1.432471416905615e-07)",6
5,-0.08002449706830017,7.531702403118663,"(0.04893595384798404, 1.0542380667594477e-15)",8
6,-0.0863568572876432,7.575862005804437,"(0.055345015775420295, 1.165218633854825e-19)",10
7,-0.022323595289142517,7.129317066700954,"(0.06254137256762232, 1.1338552911623258e-24)",13
8,-0.008238130511280639,7.031090101290041,"(0.07351358055519612, 1.767975559206504e-33)",16
9,-0.030772360752574945,7.188235718376959,"(0.0796898246030583, 4.6508996727904355e-39)",20
10,0.026037636012358756,6.792063233107345,"(0.21206826851534144, 1.8666038999993098e-270)",26
11,0.023666608567071812,6.808597925751818,"(0.23145884681249734, 3e-323)",33
12,0.0333505036958639,6.741065924013843,"(0.24850336224268502, 0.0)",42
13,0.04183164580659826,6.681921489244075,"(0.30716241494118657, 0.0)",53
14,0.0436289701201199,6.6693875959036175,"(0.3114695582709181, 0.0)",67
15,0.08340410854550406,6.392010085971175,"(0.341022036161776, 0.0)",85
16,0.09102972429557599,6.338831784343778,"(0.3671555195354077, 0.0)",108
17,0.1395679364409177,6.000343749997799,"(0.4228948410667783, 0.0)",136
18,0.17046905908569832,5.78485043450864,"(0.46289678079384894, 0.0)",173
19,0.2577601178327177,5.17611398573333,"(0.5427017933495834, 0.0)",219
20,0.2970413622797673,4.902180714772879,"(0.5759054029372487, 0.0)",277
21,0.3455529981352008,4.563878013914344,"(0.6140803194840768, 0.0)",350
22,0.41612148476553035,4.071758768674217,"(0.671126461345751, 0.0)",443
23,0.4474497295472506,3.853286857019929,"(0.692857062962055, 0.0)",560
24,0.49749312656589895,3.50430220471927,"(0.7224960889433301, 0.0)",708
25,0.5406397189590436,3.2034133873860107,"(0.7482350131132113, 0.0)",896
26,0.5781833891793151,2.9415973341506634,"(0.7685568474948926, 0.0)",1133
27,0.6102832355429616,2.717744550576693,"(0.7863616925817958, 0.0)",1433
28,0.6529124328986712,2.4204638601492485,"(0.8101040553510108, 0.0)",1813
29,0.6673015942692226,2.3201190239278247,"(0.8183667194768178, 0.0)",2293
30,0.6797401582126301,2.2333769526153593,"(0.8253962449587476, 0.0)",2900
31,0.6905411587660796,2.1580546594217114,"(0.8312653093795606, 0.0)",3668
32,0.6949009362608675,2.1276511392018542,"(0.8337482226464245, 0.0)",4638
33,0.7015589300142364,2.0812206853664845,"(0.8377488557744264, 0.0)",5866
34,0.7071152429285258,2.042472957474544,"(0.840935414102989, 0.0)",7419
35,0.7088037773617901,2.0306977256318524,"(0.841904915478082, 0.0)",9383
36,0.7108721892481928,2.016273365056934,"(0.843133409732384, 0.0)",11867
37,0.7125304932075702,2.0047089496664983,"(0.844117497391961, 0.0)",15008
38,0.7136058429895431,1.9972098470451565,"(0.8447587406739129, 0.0)",18980
39,0.7144440849684606,1.9913642489646084,"(0.845255710857876, 0.0)",24004
40,0.7154004543545529,1.9846948728318885,"(0.8458383904714062, 0.0)",30358
41,0.7162380539240083,1.9788537546838807,"(0.8463500868656213, 0.0)",38393
42,0.7166655791131653,1.9758723477775477,"(0.8466084508470877, 0.0)",48555
43,0.7173337754686193,1.971212586716767,"(0.8469909366922141, 0.0)",61407
44,0.7177434486783131,1.9683556730946046,"(0.8472322811615962, 0.0)",77660
45,0.718192711695757,1.9652226743919825,"(0.8474929395327307, 0.0)",98216
46,0.7182781326252308,1.9646269795521527,"(0.847544268320963, 0.0)",124212
47,0.7184001022327546,1.9637764073766246,"(0.8476275116226024, 0.0)",157089
48,0.7183840469571123,1.9638883710945458,"(0.8476142673197851, 0.0)",198668
