,r2,mse,rho,train size
0,-1.4590191339203087,16.873046522882806,"(-0.014202925591986604, 0.0211789596176154)",2
1,-0.5026049360917433,10.31042119292878,"(-0.004240705335943465, 0.49137180758883964)",3
2,-0.3893839904757972,9.533533263758013,"(0.003505628786865884, 0.5694587827208263)",4
3,-0.033814551534199655,7.09372317744441,"(0.07408589291139955, 2.2372382289938953e-33)",5
4,-0.02986122653321277,7.066596655433424,"(0.0739066813177995, 3.185882071193062e-33)",6
5,-0.010585070116601702,6.93432949268007,"(0.0733263150459226, 9.950429762900727e-33)",8
6,-0.05708584742644063,7.253403780503222,"(0.06350281827242418, 6.04022410299958e-25)",10
7,0.01397718140173898,6.765790742062467,"(0.13218862509048304, 5.972720808630297e-103)",13
8,0.013779127574601313,6.767149727599924,"(0.13211851582342019, 7.660129868300074e-103)",16
9,-0.020913415416197845,7.005199478334331,"(0.19118007642749543, 3.2656373055872316e-215)",20
10,0.0007495120586238357,6.856555013530281,"(0.1945490111085474, 6.154387194092015e-223)",26
11,0.008528024945562596,6.803181207686437,"(0.2012615802657228, 9.19678812042347e-239)",33
12,0.021797684485598712,6.712128812170956,"(0.22856226395292406, 3.552930379978136e-309)",42
13,-0.003960075155129861,6.888870778407862,"(0.2792185774362479, 0.0)",53
14,0.040033569074678366,6.58699968047245,"(0.3022849729879577, 0.0)",67
15,0.08435440976451114,6.282883459261679,"(0.3362126586271121, 0.0)",85
16,0.127955440842642,5.983706354179909,"(0.3993928986158089, 0.0)",108
17,0.17872404846538859,5.635347503895197,"(0.4502084356780923, 0.0)",136
18,0.21359966698042332,5.396041544213484,"(0.4935049439556644, 0.0)",173
19,0.28545696147711475,4.90297849467218,"(0.5592637528706567, 0.0)",219
20,0.3042848209398381,4.773787410203324,"(0.5814190101129192, 0.0)",277
21,0.3482041798762694,4.472426035512366,"(0.6169893318292997, 0.0)",350
22,0.3863477372160308,4.210696466732647,"(0.6450728628295821, 0.0)",443
23,0.43523199698340886,3.875267442243247,"(0.6827804936747413, 0.0)",560
24,0.48609979200392295,3.526227997995711,"(0.7167444262821077, 0.0)",708
25,0.5127531846576503,3.343340468559521,"(0.733154443819243, 0.0)",896
26,0.5716695966578935,2.9390738457713597,"(0.768774098472646, 0.0)",1133
27,0.6029499326859179,2.72443762852045,"(0.7852379710411289, 0.0)",1433
28,0.629016667301986,2.545575569332093,"(0.7986916902249949, 0.0)",1813
29,0.6550332193771647,2.367057847581124,"(0.8130646994509855, 0.0)",2293
30,0.6690489127961844,2.2708863929358896,"(0.8212328958566676, 0.0)",2900
31,0.6796749165330214,2.197973964996325,"(0.8264311317463006, 0.0)",3668
32,0.686602271901763,2.1504405449407535,"(0.8302046955659874, 0.0)",4638
33,0.6910921482551086,2.119632369621185,"(0.8324622542308259, 0.0)",5866
34,0.6949349782490303,2.093264030972433,"(0.834597649162932, 0.0)",7419
35,0.6983027102531116,2.0701556712213343,"(0.8364267996745196, 0.0)",9383
36,0.7002947009990677,2.056487232425543,"(0.8374719018871242, 0.0)",11867
37,0.7014366349991304,2.0486516262509777,"(0.8381005725344013, 0.0)",15008
38,0.7020402334856726,2.044509915759962,"(0.8384766704725093, 0.0)",18980
39,0.7042323241860833,2.0294684515191195,"(0.8396951416765515, 0.0)",24004
40,0.7050973479578934,2.02353291968701,"(0.8401751254123168, 0.0)",30358
41,0.7056393167896544,2.0198140932711786,"(0.8404678934102211, 0.0)",38393
42,0.7063101226315988,2.015211226208122,"(0.8409079614051894, 0.0)",48555
43,0.7067541890110633,2.0121641768474245,"(0.8411438325134234, 0.0)",61407
44,0.7072509711642723,2.00875540777068,"(0.8413984814864593, 0.0)",77660
45,0.707625232356238,2.006187340521167,"(0.8416321092913425, 0.0)",98216
46,0.7077837090223107,2.005099921508215,"(0.8417445784021814, 0.0)",124212
47,0.707835524538211,2.0047443790895607,"(0.8417864948010703, 0.0)",157089
48,0.7078511134856977,2.004637412440721,"(0.8418382322942, 0.0)",198668
