,r2,mse,rho,train size
0,-0.3100861403644255,8.69730638429592,"(0.04632144095128936, 8.855914351888586e-14)",2
1,-0.6570489879032468,11.000698578166062,"(0.0463596915641554, 8.451135176230508e-14)",3
2,0.01185548837357664,6.560023272351256,"(0.12480077980614238, 2.253170787736437e-90)",4
3,-0.04375188515027961,6.929185535703215,"(0.12430767491418092, 1.1374005134143128e-89)",5
4,-0.06296485976980981,7.056735260619222,"(0.12104348743242113, 4.3483251628362643e-85)",6
5,-0.004768020388898453,6.670382236113026,"(0.1355518991805577, 2.043056870503302e-106)",8
6,0.004588658722791905,6.608265782494735,"(0.1335335318035898, 2.667917981781101e-103)",10
7,-0.04532486173574779,6.939628100415284,"(0.13886167041512207, 1.2478310271781683e-111)",13
8,-0.047158676746222206,6.951802300650529,"(0.16999660577991152, 4.1274998794768774e-167)",16
9,-0.05638609045314347,7.013060596323684,"(0.17215521934450978, 2.1534862382085505e-171)",20
10,0.06257658329766236,6.223299686695263,"(0.2513277560075392, 0.0)",26
11,0.051273106679271985,6.298340400682604,"(0.259064487823388, 0.0)",33
12,0.045418757538220444,6.3372058360090175,"(0.26323091707168395, 0.0)",42
13,0.07384369924253786,6.1485003613526485,"(0.29564747460279744, 0.0)",53
14,0.1259293484014704,5.802717870413413,"(0.363071565538968, 0.0)",67
15,0.14183651395980668,5.6971145147988835,"(0.38779546902073714, 0.0)",85
16,0.14931511851359425,5.647466088541059,"(0.3966830458565804, 0.0)",108
17,0.13629970454019902,5.733871890081388,"(0.39337216414725606, 0.0)",136
18,0.18108611051813783,5.436547093917036,"(0.4495817103863431, 0.0)",173
19,0.25112507883652635,4.971577388844381,"(0.5263742286704294, 0.0)",219
20,0.2680792953571951,4.859022946015965,"(0.5491587220240263, 0.0)",277
21,0.31585639531456433,4.5418437440691495,"(0.5948027855210399, 0.0)",350
22,0.4033817718062467,3.96078652020045,"(0.6639194999184168, 0.0)",443
23,0.4315788424876963,3.7735938194304097,"(0.6820463744946794, 0.0)",560
24,0.4977538273167409,3.3342760522229518,"(0.7288130404061491, 0.0)",708
25,0.5341985743927558,3.0923292659375075,"(0.7493639503074231, 0.0)",896
26,0.5801250512064136,2.7874358488614868,"(0.7726657893345672, 0.0)",1133
27,0.6408078735279645,2.38457905820228,"(0.8073615139895483, 0.0)",1433
28,0.6624728627745844,2.240751073549366,"(0.8183722728603744, 0.0)",1813
29,0.6843383745555434,2.095591874204251,"(0.8295684296652852, 0.0)",2293
30,0.6991622904027925,1.9971799194737918,"(0.8376724357604953, 0.0)",2900
31,0.7060696535053774,1.9513238101999006,"(0.8414107046831345, 0.0)",3668
32,0.7083578613526142,1.9361330192242532,"(0.8424107573814752, 0.0)",4638
33,0.7156960652057733,1.88741667511913,"(0.8467077776284246, 0.0)",5866
34,0.719426058679433,1.8626542606088772,"(0.8489933562273202, 0.0)",7419
35,0.7230990043239409,1.83827057115601,"(0.8512628716860676, 0.0)",9383
36,0.7249755066771354,1.825812981235973,"(0.8525149721105371, 0.0)",11867
37,0.7279576950154132,1.8060150420970542,"(0.8542199707963656, 0.0)",15008
38,0.7294651247039098,1.7960076254473425,"(0.8551449952304668, 0.0)",18980
39,0.7309428279019736,1.7861975549011107,"(0.8559332549774197, 0.0)",24004
40,0.7313365439327728,1.7835837810103983,"(0.85620538360929, 0.0)",30358
41,0.7320981566189062,1.7785276410564053,"(0.8566030914703763, 0.0)",38393
42,0.7326858884067864,1.7746258492020452,"(0.8569538994242125, 0.0)",48555
43,0.7332869091025287,1.7706358358944325,"(0.8573163328875361, 0.0)",61407
44,0.7335969138810586,1.7685777982918662,"(0.8574052518074522, 0.0)",77660
45,0.7342016557341916,1.7645630812301003,"(0.8576595209578178, 0.0)",98216
46,0.734487609607489,1.762664711060981,"(0.857830365820575, 0.0)",124212
47,0.7345497758517243,1.7622520062347748,"(0.8578746853816703, 0.0)",157089
48,0.734662975125072,1.7615005069764809,"(0.8579245060097911, 0.0)",198668
