,r2,mse,rho,train size
0,-0.3711619189672932,9.208087651784801,"(0.03730284390023937, 8.683541210663204e-10)",2
1,-0.24817665292626478,8.382175632264314,"(0.02594052281541028, 2.0135987231109412e-05)",3
2,-0.08207796477837026,7.266733861197477,"(0.03683064950926719, 1.4109318888255067e-09)",4
3,-0.07062136390337193,7.189796642048368,"(0.03639188935238491, 2.2033871129300776e-09)",5
4,-0.020649165347838228,6.854206528228467,"(0.026476485172370043, 1.3521263805633288e-05)",6
5,-0.0034295472418699458,6.738567557617732,"(0.11387159894143706, 1.2566638534414376e-78)",8
6,0.011725403375604904,6.636793936491148,"(0.11800978945433988, 2.401899156852866e-84)",10
7,-0.003940692663034762,6.742000173252535,"(0.16051824753357852, 2.610677999610491e-155)",13
8,0.004008952486599493,6.688614042609737,"(0.17213114284210435, 1.2299444535532664e-178)",16
9,0.030266320884575593,6.512281731765029,"(0.18052049276125642, 1.4609105602751967e-196)",20
10,0.0248116202862132,6.5489129716858345,"(0.1874524595402973, 4.647830005586604e-212)",26
11,0.029908749850173,6.514683013029461,"(0.20306510186178187, 2.9002971489501154e-249)",33
12,0.030632315935261722,6.50982387871338,"(0.22342991778824187, 1.1483385448495751e-302)",42
13,0.02269930555508748,6.563098297957885,"(0.23487555649986697, 0.0)",53
14,0.0655845456153229,6.27510091123065,"(0.29739274981593594, 0.0)",67
15,0.08413722514539757,6.150509718224746,"(0.32337372815949583, 0.0)",85
16,0.11988520530525681,5.910442859502351,"(0.3667242366294063, 0.0)",108
17,0.17261734478758106,5.556318262179016,"(0.42592124350578153, 0.0)",136
18,0.2071470916991235,5.32443249306803,"(0.46991111410746583, 0.0)",173
19,0.26991937686113066,4.902882932889221,"(0.5300498330505667, 0.0)",219
20,0.30287090817781515,4.68159572790829,"(0.5699687831803818, 0.0)",277
21,0.31986790719580693,4.567451763865848,"(0.5865623606679731, 0.0)",350
22,0.37229681557655303,4.2153635260150555,"(0.6344229707100724, 0.0)",443
23,0.45307714602035065,3.6728802838995995,"(0.6920802364400391, 0.0)",560
24,0.4880463976461821,3.438043004922006,"(0.7196681521441332, 0.0)",708
25,0.5584650413546317,2.9651440462960443,"(0.758790481708292, 0.0)",896
26,0.5901030298372356,2.7526779859102732,"(0.7768337321308882, 0.0)",1133
27,0.6139102513453343,2.5927997254659227,"(0.7892352496451054, 0.0)",1433
28,0.6550416862702031,2.3165800808034387,"(0.8142184534866217, 0.0)",1813
29,0.6716969256515855,2.2047312160094585,"(0.8221875725963628, 0.0)",2293
30,0.6859053835781234,2.109313800914679,"(0.8299525349459137, 0.0)",2900
31,0.703318507861562,1.9923753325432052,"(0.8392614318367098, 0.0)",3668
32,0.7076991473594727,1.96295698894013,"(0.8418246111354666, 0.0)",4638
33,0.7154903572868964,1.9106348357846465,"(0.8461681085195404, 0.0)",5866
34,0.7188124000735423,1.8883255368322263,"(0.8478627587498002, 0.0)",7419
35,0.723742233895317,1.8552190588067696,"(0.8507582769158359, 0.0)",9383
36,0.7256561017242349,1.8423664099118229,"(0.8518596846838595, 0.0)",11867
37,0.7282725992900696,1.8247952255071154,"(0.8534031608321799, 0.0)",15008
38,0.730237722178209,1.8115983714009676,"(0.854554562976481, 0.0)",18980
39,0.7310001155141,1.8064784912723626,"(0.8550031774761404, 0.0)",24004
40,0.731824821191287,1.800940150353311,"(0.8554813970161538, 0.0)",30358
41,0.7322840573071907,1.7978561335427419,"(0.855757796430765, 0.0)",38393
42,0.732553297858282,1.7960480388461428,"(0.8559160463971953, 0.0)",48555
43,0.7331063809896448,1.7923337889958058,"(0.8562408394707085, 0.0)",61407
44,0.7335349442671424,1.789455756745241,"(0.8564845662236531, 0.0)",77660
45,0.733665157041592,1.7885813081305824,"(0.8565629688840377, 0.0)",98216
46,0.733956502436633,1.7866247675518427,"(0.8567333015191871, 0.0)",124212
47,0.7341747908425842,1.7851588438359327,"(0.8568729675334238, 0.0)",157089
48,0.7344219864702408,1.7834987926230794,"(0.8570168815020783, 0.0)",198668
