,r2,mse,rho,train size
0,-0.2124702466838182,8.26861953404936,"(0.0011850768307694283, 0.8479035297360772)",2
1,-0.04462232648486131,7.123955905805643,"(0.08070433566006255, 4.139713511036612e-39)",3
2,-0.0006288374817464693,6.823935824045236,"(0.08544004888307988, 1.219461631533984e-43)",4
3,-0.011714623441900551,6.899536975158945,"(0.09090417868427564, 3.435584301588859e-49)",5
4,-0.08445827634259406,7.395623036650261,"(0.0944895409253069, 5.080503685576321e-53)",6
5,-0.05327407965969244,7.182957811626296,"(0.06237018942998851, 5.309373133028736e-24)",8
6,-0.024012821914460192,6.983406352079285,"(0.0830787056884304, 2.386295433129067e-41)",10
7,-0.05266468859130291,7.178801979426915,"(0.09753730531005865, 2.150248212739245e-56)",13
8,-0.06431085996575825,7.258224761459783,"(0.09906173046756933, 4.023042505619289e-58)",16
9,-0.05947644886967529,7.225255782522751,"(0.12847996561635674, 8.154878249639111e-97)",20
10,-0.10971900333780749,7.567892287172644,"(0.12525569179575768, 4.484878155936164e-92)",26
11,-0.10974859399190207,7.5680940849991405,"(0.11890461888864673, 4.242532306053263e-83)",33
12,-0.022943643744669284,6.976114933981157,"(0.16143027651235448, 1.985122252694653e-152)",42
13,0.009149632223049875,6.757250108799578,"(0.22224725661700925, 1.7015519713276833e-290)",53
14,-0.005015149381218276,6.853848924472733,"(0.24140718289047872, 0.0)",67
15,0.01789302452287922,6.69762325646076,"(0.2793628137198792, 0.0)",85
16,0.025668540702849407,6.644596977961257,"(0.31090506856979894, 0.0)",108
17,0.07231236492309512,6.326502544596687,"(0.36633910767262723, 0.0)",136
18,0.12057534146504312,5.99736606335305,"(0.4274496140051099, 0.0)",173
19,0.14690470182052318,5.817809110141381,"(0.4615666484854106, 0.0)",219
20,0.1989902599596941,5.4626039703457145,"(0.5095995359074443, 0.0)",277
21,0.2730935700757595,4.957245526095823,"(0.5729105413869827, 0.0)",350
22,0.3140653764336395,4.677832254452548,"(0.6082181614304412, 0.0)",443
23,0.3866290028846504,4.18297390986609,"(0.6551936435975931, 0.0)",560
24,0.4339229622090751,3.8604457843454547,"(0.6800642801592577, 0.0)",708
25,0.5058620266484466,3.3698467324416748,"(0.730307394948416, 0.0)",896
26,0.560455110655118,2.99754115044806,"(0.7618789548385652, 0.0)",1133
27,0.6424071411196579,2.4386572010831467,"(0.8068580782812871, 0.0)",1433
28,0.6704132140477952,2.2476656593781277,"(0.8211950645305146, 0.0)",1813
29,0.693488691330352,2.090299041320557,"(0.8340235525979665, 0.0)",2293
30,0.7068151809051999,1.999417081684621,"(0.8414695011781522, 0.0)",2900
31,0.7196541246819571,1.9118600124704181,"(0.8486005886060948, 0.0)",3668
32,0.7222766417677605,1.8939753707125184,"(0.8501136723770004, 0.0)",4638
33,0.7273098057596784,1.8596509671112986,"(0.8531450049757817, 0.0)",5866
34,0.7337198572088918,1.815936676577414,"(0.8570120790797484, 0.0)",7419
35,0.735692309805577,1.8024852454057667,"(0.8581647278194308, 0.0)",9383
36,0.7382525308334847,1.7850254407955162,"(0.8596105916126616, 0.0)",11867
37,0.73952376863268,1.776356047276296,"(0.8605233943066292, 0.0)",15008
38,0.740242396261152,1.7714552602567855,"(0.8609412420419329, 0.0)",18980
39,0.7411799296374775,1.7650616132287362,"(0.8615220589347115, 0.0)",24004
40,0.7415991002664903,1.7622030173492613,"(0.8617952792255701, 0.0)",30358
41,0.7424631649294329,1.756310401039518,"(0.8623891074523012, 0.0)",38393
42,0.7433014293413807,1.7505937333437225,"(0.862843296356328, 0.0)",48555
43,0.7434281702817347,1.7497294048226384,"(0.8629682718735401, 0.0)",61407
44,0.7438729285634484,1.7466963101746107,"(0.8632197019655811, 0.0)",77660
45,0.7441318087069033,1.744930838884076,"(0.8634169925865616, 0.0)",98216
46,0.7445052394658197,1.7423841727896,"(0.863643985278284, 0.0)",124212
47,0.7447559338743766,1.7406745253245672,"(0.8637820759449698, 0.0)",157089
48,0.7448368335912405,1.7401228177828858,"(0.8638394417216025, 0.0)",198668
