,r2,mse,rho,train size
0,-0.09850361236188343,7.433877652421841,"(0.026889221755864185, 9.331928404108414e-06)",2
1,-0.1529666271134409,7.802443930847283,"(0.03848095927489624, 2.2394961635735e-10)",3
2,-0.15185189078710915,7.7949002019315055,"(0.03880185390868849, 1.5857266340245697e-10)",4
3,0.005936926968832967,6.727099647688502,"(0.08375756661054698, 1.741783008770771e-43)",5
4,-0.0243918005717072,6.932342532056676,"(0.07723253682585937, 3.246520535456139e-37)",6
5,-0.03332076002663653,6.9927672693123535,"(0.09091679426691492, 5.941588435377641e-51)",8
6,-0.1426217441102524,7.732437247474641,"(0.09974180494565485, 5.2464103564638114e-61)",10
7,-0.08549782925728056,7.345863922393521,"(0.11536618192154599, 4.006369857393764e-81)",13
8,0.014513496236935874,6.669059632253765,"(0.1672476985030136, 1.4004001946457588e-169)",16
9,0.0322468948778627,6.549052820828874,"(0.21955378832205188, 9.561110655035698e-294)",20
10,0.05053692818693878,6.425279108709664,"(0.2484938861949675, 0.0)",26
11,0.036115196105480085,6.522874956937292,"(0.2545479113895188, 0.0)",33
12,0.02579656913410522,6.592703958483543,"(0.2899215856915308, 0.0)",42
13,0.06784413508943854,6.308156454609598,"(0.3032377910886045, 0.0)",53
14,0.07422319969334912,6.264987560790117,"(0.3078934124530086, 0.0)",67
15,0.10161045517937373,6.079650431055076,"(0.34478045996034945, 0.0)",85
16,0.14095615109373794,5.813387228744895,"(0.3978263559348136, 0.0)",108
17,0.15327505452568246,5.73002180336575,"(0.41412842913794656, 0.0)",136
18,0.18679904035730555,5.503155722736322,"(0.45366746533889724, 0.0)",173
19,0.20926116396379524,5.351148322100473,"(0.48138295236403095, 0.0)",219
20,0.28417263943175697,4.844201656541605,"(0.5568457106702631, 0.0)",277
21,0.3594713448478113,4.334634498865024,"(0.6190355518787739, 0.0)",350
22,0.4114805351276194,3.982673929058311,"(0.6555031892040202, 0.0)",443
23,0.45824796775983223,3.6661857824620134,"(0.6931899683845234, 0.0)",560
24,0.5199303355598524,3.24876414599499,"(0.7353452614802625, 0.0)",708
25,0.5395941554678958,3.115693640144441,"(0.7471970565672689, 0.0)",896
26,0.5682061312117821,2.9220684898212728,"(0.7632518768915579, 0.0)",1133
27,0.601356236298487,2.697732563560971,"(0.7825213220810621, 0.0)",1433
28,0.6363972631969566,2.4606002466099444,"(0.8022812116168093, 0.0)",1813
29,0.6613622104736323,2.291655546232544,"(0.815655147780928, 0.0)",2293
30,0.6775189355592808,2.182318520665297,"(0.8243963805988774, 0.0)",2900
31,0.6815340442285123,2.155147170227887,"(0.8266108661698237, 0.0)",3668
32,0.685905084457267,2.1255671325214007,"(0.8288903504088786, 0.0)",4638
33,0.6937359741669209,2.0725733368196173,"(0.8333942179333592, 0.0)",5866
34,0.6979894159924644,2.0437891200205485,"(0.835764495847187, 0.0)",7419
35,0.7007486523214891,2.0251166049252323,"(0.8374029002520772, 0.0)",9383
36,0.7034205360974264,2.0070352287073585,"(0.83894832341697, 0.0)",11867
37,0.7055494205758972,1.9926284788605693,"(0.8401743169565351, 0.0)",15008
38,0.7066328210889761,1.985296808056608,"(0.8410064116058638, 0.0)",18980
39,0.7078646713651038,1.9769605366636116,"(0.8417151316890872, 0.0)",24004
40,0.7089930637514993,1.9693243934138385,"(0.8422292762599206, 0.0)",30358
41,0.7098895514732337,1.9632576131454118,"(0.8427446697038421, 0.0)",38393
42,0.7103308614917732,1.9602711462392572,"(0.8429610009012232, 0.0)",48555
43,0.7107115523665364,1.9576949058386466,"(0.8431878999593166, 0.0)",61407
44,0.7109128450987212,1.9563327022677668,"(0.8433063547044564, 0.0)",77660
45,0.7112425382409473,1.9541015776227773,"(0.8435035710363137, 0.0)",98216
46,0.7114467223345151,1.9527198074100331,"(0.8436071124053681, 0.0)",124212
47,0.7117500798745817,1.9506669030659618,"(0.8438151319077971, 0.0)",157089
48,0.7119191444189168,1.949522796552514,"(0.8439238281367822, 0.0)",198668
